sample	color	PC1	PC2	PC3
Ames10249	1	1.5637937374	-4.7615048164	-1.5057828112
Ames10250	0	3.2176720426	-5.2760187331	-0.9629824952
Ames10254	1	7.4567738036	-5.7887990334	-1.6216703388
Ames10256	0	2.4213885115	-4.040611504	-2.663655945
Ames10259	0	4.7974732247	-2.5911381991	-0.376821411
Ames10260	0	2.3537813679	-2.2523079549	-2.4756108771
Ames10273	0	4.6813854628	-1.5799001923	-2.2169083922
Ames10276	0	4.0980056924	-3.7091067926	-2.0790048829
Ames10277	0	5.2320708796	-3.4981697804	-1.8125079041
Ames12725	1	4.5881234755	-1.9731104071	-1.2635481235
Ames12726	1	2.7021379935	-2.4642377709	-2.2074537567
Ames12727	1	4.3400331187	-2.5623817964	-1.3609646163
Ames12728	1	6.9502302786	-4.0464952142	-5.2179113718
Ames12733	1	5.8397759847	-3.2812767369	1.0477744418
Ames12736	1	3.6771875659	-4.535310157	-0.8520730722
Ames12738	1	5.8248452343	-2.4528870016	-1.2268467624
Ames12739	1	4.2394049991	-4.8456178093	-3.1730591868
Ames12816	1	3.1541466372	-4.4536223933	9.1421151707
Ames12817	1	1.5444205833	0.4031122418	9.9742707319
Ames12818	1	-28.4995765065	1.7853256001	-4.8324171363
Ames12820	1	2.7622029035	-1.6692244567	9.5029707304
Ames12822	1	-1.3437292295	-0.8695952628	6.6913589172
Ames14111	1	4.310659068	-1.9508143155	0.8890344569
Ames14112	0	2.8325908424	-4.8930956558	-0.4953101408
Ames14113	1	7.301047674	-1.2990256159	3.6852439842
Ames14408	0	6.0530605339	-8.4513920779	-9.1584967822
Ames19001	1	-0.4155230475	-0.7413898166	0.2935568944
Ames19003	1	-0.745143735	-0.7240272235	2.4527090684
Ames19004	1	2.4666464345	0.9121992741	2.6781784043
Ames19006	1	4.7608338834	-3.6298515402	10.9914914811
Ames19007	1	6.9309790747	-5.5642873091	13.689206029
Ames19008	1	6.3410494167	-4.6196730485	12.6617796567
Ames19009	1	5.3310212154	-6.8337474695	19.7062166282
Ames19012	1	5.8446309389	-4.6580377635	13.7301758238
Ames19013	1	5.035635552	-4.1474802381	14.3415480252
Ames19015	1	6.7032648159	-2.43500417	0.197136735
Ames19017	1	3.3902007009	-3.040519835	-0.6565540056
Ames19019	1	1.4971441756	-3.8879246195	15.2131842477
Ames19318	1	1.491661856	-4.2466205869	5.992723111
Ames19321	1	-2.3016435978	2.462936717	3.7036520688
Ames20116	0	1.3870931291	-1.5950214182	-2.0905461568
Ames20118	0	2.0430973711	-2.3717937047	-1.7580400543
Ames20119	1	5.5906382566	0.1376375064	0.1049650276
Ames20136	0	4.1080080799	-0.319709979	-0.4086393564
Ames20137	0	2.1291096211	-1.7521642502	0.3518229574
Ames20191	1	2.3814179103	1.9074346305	1.5065183666
Ames21095	1	4.3813702236	-1.4440530073	-2.4531734095
Ames21096	1	3.0893142883	-0.0184774657	-1.7736363181
Ames22011	1	10.8335778049	26.9641771305	-3.0488592931
Ames22012	1	10.4930668476	22.9179335806	-3.4573117239
Ames22013	1	9.5141276097	24.1376239232	-1.9932480444
Ames22014	1	3.2587279104	-4.3743487739	5.3554302876
Ames22015	1	9.9426342753	26.4695069452	-1.2848234944
Ames22016	1	7.8410485065	20.0073949445	-1.6191963961
Ames22017	1	10.533121156	24.3079977656	-1.3470559401
Ames22018	1	9.7213737897	16.0971740441	-3.1479462749
Ames22019	1	9.283997929	23.4533934601	-2.147729554
Ames22020	1	13.7773543285	31.7044622056	-2.8474171993
Ames22021	1	13.6183403038	31.8667530703	-3.0119653763
Ames22022	1	11.3424565463	24.4950762762	-2.4007010034
Ames22023	1	5.7314663593	20.6534556874	-1.5443536443
Ames22024	1	6.8754656243	7.4065585895	7.8907808521
Ames22025	0	7.998908576	14.6633458113	-3.1164379236
Ames22026	0	7.4414971266	15.9721166885	-1.1670967827
Ames22027	0	8.602488667	15.6367141198	-2.4940785368
Ames22028	1	6.493087457	13.8632368594	-0.5408242659
Ames22029	1	11.398381755	21.4999176928	-1.8368761574
Ames22030	1	13.9712065931	30.8520493814	-3.4047012053
Ames22031	1	5.7231915393	11.7146839333	-1.5518397849
Ames22032	1	14.0413628842	31.2576827585	-3.394121875
Ames22033	1	10.8145454594	24.1871154829	-1.3225949682
Ames22034	1	10.7318794885	26.4472021659	-2.1394148586
Ames22035	1	3.5882373422	2.3334869955	5.06400433
Ames22036	1	12.8601232541	30.8229852147	-3.6050454826
Ames22037	1	10.5101840972	23.8993662964	-0.7518100626
Ames22038	1	9.3768011689	21.4555018212	-1.0760738803
Ames22039	1	8.8050864602	20.2361131206	-1.2086484946
Ames22040	1	9.3245991886	20.8824577518	-1.4227675099
Ames22041	1	9.8003025859	24.1540873749	-2.165367402
Ames22042	1	11.5292471679	28.8495256583	-3.3979502154
Ames22043	1	8.6028607092	20.7654489935	-1.5154066645
Ames22044	1	10.4754361462	24.3352101674	-1.6952297552
Ames22045	1	9.2964453916	14.5588799188	-2.8257636808
Ames22046	1	10.2421098278	21.7174110311	-3.3117671187
Ames22047	1	10.9834597807	24.8348107651	-2.116582833
Ames22048	1	13.6599197681	30.9343286254	-2.5698951798
Ames22049	1	10.9925903364	24.5887639229	-1.8103250064
Ames22050	1	10.5320836	27.0666536267	-3.2426932958
Ames22051	1	10.824631899	23.5899456243	-2.8854235712
Ames22052	1	11.4546628113	25.4039639933	-3.4041265935
Ames22053	1	9.0141168801	21.4319823663	-1.9527003958
Ames22054	1	12.3144060511	28.7822660514	-2.8356488876
Ames22055	1	11.572511519	28.841215028	-3.4665675457
Ames22056	1	10.5929172977	26.4485446193	-3.4160572286
Ames22057	1	3.8374745441	16.6468045651	-3.1957570085
Ames22058	1	13.6407180556	30.6057112522	-3.6106929487
Ames22059	1	8.0136293898	23.3559690794	-3.6791659162
Ames22060	1	6.0849436482	19.8804341101	-1.6752474405
Ames22061	1	10.7373685719	28.4917739994	-3.8723087029
Ames22062	1	13.2593216856	29.4219874172	-3.1186156601
Ames22064	1	10.6470976385	23.5505688813	-3.1402551248
Ames22065	1	8.0114134646	11.8450221419	6.9494321471
Ames22066	1	12.0364791162	28.8584469111	-3.601713779
Ames22067	1	10.9170416548	27.4287555142	-1.9045667117
Ames22439	1	-1.1213305602	-1.0879979741	6.356682931
Ames22441	1	1.0365007571	-0.8332782851	4.1758028755
Ames22442	1	3.8906497601	-1.1781263345	-1.0241404506
Ames22747	1	4.0021599169	0.047395183	0.0639269239
Ames22748	1	-14.2965023861	0.6948494122	4.6059713403
Ames22749	0	3.8085019441	-4.4600683142	6.5381865776
Ames22751	1	-12.1485301194	1.0317144711	1.2168881414
Ames22752	1	-18.8426868314	0.9514462095	0.4866552148
Ames22753	1	-31.8474947049	3.6845804769	-10.418033339
Ames22756	1	0.6628257902	-3.8091592135	2.7755194487
Ames22757	1	4.2778784998	-0.8453430846	2.3944668035
Ames22758	0	4.1198435878	-5.1585507325	-1.4750959627
Ames22759	0	4.8563742177	-5.9389160938	-5.5044792982
Ames22760	0	5.093493583	-3.5417559719	-2.5158471521
Ames22761	0	5.0471314522	-3.9729529081	-2.4316363167
Ames22762	0	6.8979979225	-3.9194998794	-3.1200088405
Ames22765	1	7.1521793777	-4.7981398322	-4.5768363121
Ames22766	0	5.5811963333	-9.0329932656	-7.4015130039
Ames22767	1	5.5337786439	-1.3017287002	3.0162855114
Ames22792	1	3.8774906057	-1.0737952888	-0.4847686998
Ames22793	1	5.2902717045	0.8167565786	-1.2444133566
Ames22794	1	6.6658203063	0.5096001785	1.7386943203
Ames2328	1	2.7211600253	-3.3854345715	7.2288215674
Ames2333	0	3.715239853	-2.181358932	-2.472289366
Ames2337	1	5.0774157029	-2.8747539081	-4.2734161392
Ames2338	1	3.0297259101	-5.6441111428	-5.1300357028
Ames23389	1	5.0297734144	2.3845686091	0.9642131934
Ames2339	0	5.228319072	-2.1214895695	-3.756094662
Ames23391	0	4.6242302775	-0.2267496904	0.2876827571
Ames23392	1	6.5497330853	-0.9675130896	0.2751638457
Ames23394	1	3.4434155625	-1.8023672883	2.432300216
Ames23395	1	5.575518002	-1.558966855	5.7653781522
Ames23396	1	4.9491614831	-2.5628165523	6.578735155
Ames23397	1	3.8755693528	-0.4879518384	5.4923934031
Ames23398	0	6.4340248145	-1.3932444625	1.7612827826
Ames23399	1	3.70385044	-2.2079977303	9.1784095893
Ames23400	1	3.7333185498	-2.2462043733	9.4079584813
Ames23401	1	3.5508375335	-2.865944001	8.2463804185
Ames23402	1	0.5854776376	1.1784517556	5.6044254017
Ames23403	1	2.0672019707	-1.5481823171	11.0657881329
Ames23404	1	0.1321826102	1.7421330216	7.9115512483
Ames23406	1	-0.3173315706	-0.8569358352	4.609549983
Ames23407	1	-2.1450534986	0.5127406192	7.0252369151
Ames23408	1	0.369676313	0.0248086331	3.1523065633
Ames23410	1	0.101886683	-0.3800758947	3.3828972291
Ames23413	1	0.4695967723	-0.6798883433	0.2691727516
Ames23417	0	6.2318035668	-1.5553818204	-0.8626220233
Ames23418	0	3.6092275849	1.1907136962	-0.2302478643
Ames23419	0	3.6734754767	-3.9810358689	5.2165738249
Ames23420	0	3.8021259457	-2.7538707022	2.1258343736
Ames23421	1	0.8002933482	-1.3618227877	9.1598996769
Ames23422	1	5.3910584312	-1.1494835679	1.4690508278
Ames23423	1	2.3151257883	-1.7614447583	-0.5906907451
Ames23424	1	4.0054957113	1.916014685	0.2463624229
Ames23425	1	4.6136451973	-1.7738126471	0.5760928144
Ames23426	1	4.1653230163	-3.0771753308	9.6209695013
Ames23427	1	-0.5337728785	0.6383378544	7.0388105169
Ames23428	1	-0.6857536339	-1.1076618604	8.1990979244
Ames23429	1	2.54861618	0.8202219767	2.3109218651
Ames23430	1	1.4706632383	-1.8281395385	7.0394984153
Ames23431	1	5.5406194778	0.0255838898	4.8894741186
Ames23433	1	3.0680131283	1.6587190583	2.1172001944
Ames23434	1	4.6683559036	-0.6397970421	6.3553641125
Ames23435	1	4.431183964	0.0768510553	2.1152548041
Ames23436	1	2.4275389066	0.6462035795	5.6951414581
Ames23437	1	3.0669648431	0.5598327557	5.0516544296
Ames23438	1	2.7713915783	1.1695243929	5.6547438332
Ames23439	1	3.8117150698	0.4114691004	5.7856085191
Ames23440	1	2.5074051944	0.4885284662	4.75134578
Ames23441	1	2.6047009938	-2.0020066966	5.6334505852
Ames23442	1	4.9343329442	-1.9470157441	6.3077601798
Ames23443	1	3.2199769876	-0.3899865011	6.908891123
Ames23444	1	3.177429999	-0.0148380776	2.1338501174
Ames23445	1	2.3317425638	-1.6036263173	-0.5842230133
Ames23448	1	2.1608795698	0.7018818455	4.7884782709
Ames23449	1	-0.0275180943	-0.6226443631	8.0435152654
Ames23452	1	1.4996851261	-2.5095028267	3.9806681736
Ames23455	1	1.937087257	0.4958357361	5.8242298557
Ames23456	1	3.5417958232	-4.5275895602	-0.9011720627
Ames23457	1	3.4522779078	-3.4208950296	-1.776135022
Ames23458	1	2.3241357909	-0.3576428396	9.3560163425
Ames23459	1	3.1118612821	-1.8758942155	1.3501256373
Ames23461	1	4.1864723805	0.160450898	5.6365468205
Ames23463	1	0.8483873841	-1.432962381	4.196499726
Ames23464	1	2.2956603043	1.2336501139	8.3030553114
Ames23465	1	6.448335191	-3.1441763046	13.5551378771
Ames23466	1	5.4534389008	-6.1870714778	20.0295113398
Ames23467	1	5.6557908543	-7.0436682726	15.7118162847
Ames23468	1	-27.6062723681	3.5223184325	8.5019332301
Ames23469	1	-27.438703432	3.5779476651	8.3433672603
Ames23471	1	-24.2391227053	2.7613428776	8.6572841132
Ames23473	1	-17.1421111	2.0185236019	10.4705150206
Ames23474	1	-20.5297716796	1.3442478099	6.2440111687
Ames23475	1	0.9847453556	-2.4603973305	4.7108132957
Ames23476	1	5.8858265688	-3.7632475583	13.4145418029
Ames23477	1	-6.7297453489	1.6597719955	4.8256278269
Ames23478	1	3.2444335347	-2.0157876526	1.3424136855
Ames23480	1	4.3851553222	-2.6579785699	8.3677952774
Ames23481	1	3.5766783542	-1.6285668334	8.2400429904
Ames23482	1	2.2340286215	-4.7633389616	-3.7457495253
Ames23483	1	2.7893751274	-2.793552734	2.0165120414
Ames23484	1	2.8873711351	4.8227491891	4.6303080604
Ames23485	1	7.1642790649	-5.6608863671	15.9758366929
Ames23486	1	6.2061006394	-3.7381023538	6.4482772022
Ames23487	1	5.5925166193	-6.3136665449	22.1612735207
Ames23488	1	-16.7197929175	1.5587877946	5.9927193297
Ames23491	1	0.1710966226	-2.1048265529	10.2744009371
Ames23493	1	-0.4514304329	-1.9210000952	11.9696712798
Ames23494	1	-5.0017858921	0.4405042606	13.5000372025
Ames23495	1	5.2394077106	0.6826160068	1.1477268822
Ames23496	1	-22.3441593041	2.6396607471	7.3160471096
Ames23497	1	3.0506225634	1.1699881343	2.6809807255
Ames23498	1	-1.7525586925	0.7753783389	0.7518317285
Ames23499	1	3.752417604	-0.3049534523	0.2252958765
Ames23501	1	3.5513027006	-0.0220003054	8.4851108326
Ames23504	1	-22.1431836293	0.1215840357	-7.6129158902
Ames23505	1	6.044433425	-0.3237927585	0.4910595803
Ames23507	1	10.3512408731	22.772615581	-3.3256858087
Ames23508	1	7.0431617922	17.2656132745	-2.1799984979
Ames23509	1	7.0035244582	16.8187588902	-1.2909776007
Ames23510	1	7.3956768983	19.8022904057	-0.2772552452
Ames23923	0	4.9131962105	-4.3054491691	-2.9113318981
Ames23924	1	5.4202560741	-7.8410340809	-8.0342990808
Ames24585	1	4.7559956761	0.5871203848	0.958983878
Ames24589	1	-7.5671400454	-0.0323305855	2.2138172088
Ames24590	1	-1.7599483634	-0.8764336052	2.749324992
Ames24705	1	5.0172141371	-4.3007991802	-5.3841547307
Ames24706	1	3.87005709	-3.2370739777	-2.6578753434
Ames24707	1	3.213590078	-5.4757568418	-5.5975624981
Ames24708	1	2.9376650355	-5.5398092268	-5.4475401448
Ames24710	1	10.2812907586	23.076668596	-3.7336616628
Ames24711	1	4.7036108152	-1.1793815264	9.5736197407
Ames24713	1	2.0116344259	1.9762574735	2.9709660928
Ames24714	1	3.3207792734	-1.9502588408	1.52483622
Ames24715	1	-5.3504193805	-3.4572743812	11.2402616269
Ames24716	1	-12.8813248652	-0.2204019364	5.658969992
Ames24718	1	2.4286981372	-0.1250422365	10.8793093672
Ames24720	1	5.9669552071	-2.9971645746	2.697860568
Ames24721	1	-16.6786974687	3.3330008994	7.9234750535
Ames24722	1	5.9173384999	-3.1735158657	-0.6639036822
Ames24727	1	3.3930697644	1.7584317305	5.8243387309
Ames24728	1	4.8558566929	-3.5976770448	-0.866745604
Ames24729	1	2.8344932053	-1.0144723306	1.7815757428
Ames24730	1	4.3682073796	-0.3121822205	4.1628548694
Ames24732	1	3.2607939909	-1.0192719384	0.86684833
Ames24733	1	6.0260425101	-0.9395276192	1.048205263
Ames24735	1	3.1116196264	-0.5367186955	9.6943584553
Ames24736	1	3.4515285649	-4.1243763197	1.4906125746
Ames24737	1	1.5900803153	-4.6357174447	-3.115348835
Ames24738	1	6.032605983	-3.1453682674	-0.5966307972
Ames24739	1	4.9126029118	-1.8971824348	3.0333978331
Ames24740	1	2.0583511066	-2.0163363036	1.278324057
Ames24741	1	4.5435700876	3.9556661101	-0.3714731173
Ames24742	1	3.1099582644	-4.7221980284	1.5817025792
Ames24743	1	3.3663231736	-4.164204401	1.6324107389
Ames24744	1	-0.2716492087	-0.0448173583	4.5012966552
Ames24745	1	3.2519886605	-4.2680422474	1.7462167102
Ames24746	1	-18.0927399816	0.6939118665	8.4482047288
Ames24747	1	-18.2752772353	1.5745609024	8.3984687399
Ames24748	1	3.6293522981	0.0373445597	0.4505187236
Ames24749	1	2.6764051608	-1.5015411517	3.3193976323
Ames24750	1	3.2184788668	-2.2306010536	2.4480403173
Ames24751	1	-21.8447848508	2.9975945683	5.2406261681
Ames25181	1	5.8966681871	-7.8628274116	-6.8076858965
Ames25218	0	4.578075574	-2.362250797	-2.3462845176
Ames25372	1	6.1581802596	-5.599386196	19.4870370644
Ames25559	1	2.7309653285	-4.1024434537	-2.5205581177
Ames26004	0	3.5213558444	4.4077168712	-2.9687081331
Ames26021	1	0.7627851933	1.3185817128	-0.5207111049
Ames26022	1	-0.5754226904	-0.4228808807	0.9745816029
Ames26028	1	-11.1839028375	-0.689625739	-1.8916847883
Ames26114	1	-0.44298948	-0.3698175221	5.6898476818
Ames26115	1	2.8301240586	2.2127899669	5.3933942552
Ames26117	1	2.8066099206	-0.6981119156	-0.6039338227
Ames26118	0	4.1595368177	-2.0956144273	-1.3438441525
Ames26119	1	4.6221238408	-1.7087776931	-0.5179273478
Ames26120	1	2.9072079508	0.5555653951	3.7936416186
Ames26121	1	2.0250783814	-0.5266545771	6.31857299
Ames26122	1	1.9541814894	-0.4948501251	6.0373510909
Ames26123	1	3.6344868503	-0.9767756783	4.0158033196
Ames26124	1	0.8691244521	-0.9465997969	5.0047232456
Ames26125	1	6.0972499805	1.3642860364	1.100025292
Ames26126	1	4.3191347991	-3.0880619927	-1.1593729165
Ames26127	1	5.9734060157	-2.8417238864	2.0261922896
Ames26129	0	4.2375521556	-5.516481952	-4.0230355895
Ames26130	0	3.6684540026	-2.6095543825	-3.6707539852
Ames26131	0	3.4648734203	-3.0928303728	-3.6061672956
Ames26132	0	1.9248188983	-2.7155640686	2.3548159679
Ames26133	0	3.3917410459	-4.4996639764	-3.3337025946
Ames26134	1	3.2999049098	0.4770868895	2.1374797048
Ames26135	1	2.5609618534	-0.2263627047	1.0791731528
Ames26136	1	5.5124892481	-1.6687596622	2.2055432881
Ames26137	1	4.2535974104	-2.5626094921	0.6232225607
Ames26443	1	-0.5102252728	-5.1755433826	3.7431012258
Ames26484	1	-24.0718497121	3.1511902385	-8.4396681481
Ames26501	1	-18.3040387008	1.0497888804	2.276994772
Ames26511	1	-18.6346556045	1.4340473233	-8.5085431063
Ames26741	1	4.535765843	-2.242167083	3.4188673771
Ames26742	0	2.0890511615	-3.7173974056	-3.3153332786
Ames26743	1	4.0303346974	-1.3192540593	5.8071468253
Ames26744	1	-27.7320886346	3.4478929164	8.4469778708
Ames26745	1	0.0297393937	-1.6096030989	2.9834614317
Ames26746	1	-4.2624355174	0.7153122414	4.3880463787
Ames26747	1	-1.9052744922	-0.5148285612	1.6346518776
Ames26748	1	-1.0058236183	-0.4508719957	3.774252657
Ames26749	0	3.8927539333	1.0994667843	-0.7059006641
Ames26750	0	4.8381020265	0.2267673272	-0.164048837
Ames26751	0	0.4050255588	-3.4320759054	0.6135708551
Ames26752	0	5.8941876595	1.5373931358	0.4895056751
Ames26753	1	3.6244199234	-1.052715365	-2.7040160015
Ames26755	1	-0.7686629316	0.1945726189	7.4987956959
Ames26756	1	-1.0220428886	0.0412653311	6.0952070981
Ames26757	1	2.2395484991	-3.5492358901	0.3150630661
Ames26758	1	5.7666750481	-7.1365236055	22.6183382381
Ames26760	1	-27.1291065509	3.3398735789	8.2168884629
Ames26761	1	-27.7071957395	3.4563882913	8.5125427006
Ames26762	1	-27.5225354414	3.3848585344	8.2243600657
Ames26763	1	-12.9400324934	3.5949412322	0.6127007432
Ames26764	1	6.726421057	0.2721357837	0.1513408072
Ames26765	1	2.1927471415	0.1556900819	11.8118025792
Ames26766	1	2.1921654123	0.0059958149	11.702534374
Ames26767	1	5.9115015527	-7.314984527	21.9720771592
Ames26768	1	5.9353029136	-7.6408245055	22.557562377
Ames26770	1	2.2021287331	2.832083714	0.8533885734
Ames26772	1	2.0776209709	-3.0747955813	10.6867431337
Ames26773	1	-6.9099174233	-2.2658905149	0.6407694259
Ames26775	1	2.7275970507	-1.7375888278	3.4448446391
Ames26776	0	4.0612377781	-1.6916963052	-1.0561199615
Ames26777	0	4.4206373132	2.3046376004	-1.5173791525
Ames26778	0	4.6359374855	-4.3360450376	5.200639199
Ames26779	0	1.2199641508	-1.3928161773	-0.490422548
Ames26780	0	-1.8036790307	3.3974979164	3.6605150556
Ames26781	0	-0.663745028	2.3019009371	3.6314162441
Ames26782	0	5.4748380654	1.5963938463	2.7982389992
Ames26783	1	0.3556176835	-1.4636250295	3.5488723086
Ames26784	1	0.5812322886	0.0240566832	6.8901494401
Ames26785	1	3.2801316224	-6.2445324686	16.2603770976
Ames26786	1	0.9369212309	-4.1990251364	17.9507858435
Ames26790	1	4.7756793883	-2.8195180517	2.8268047245
Ames26791	1	-2.7189186578	-0.3759677052	5.2396788331
Ames26792	1	3.7859554581	-1.1236758861	0.3128069671
Ames26793	1	1.6450176853	-5.2164697247	-0.7944585444
Ames26794	1	1.5348908847	-0.383325679	1.4254109336
Ames26795	1	2.1858813864	2.5994035548	6.6284182006
Ames26797	1	-1.2273075465	-0.1750477528	5.2905382153
Ames26799	1	5.01104585	3.7548994934	-1.7844097373
Ames26800	0	-2.5042784336	-1.7321224334	0.4491292895
Ames26801	1	2.6946809476	-4.6357123331	5.4208853285
Ames26802	1	2.7127101959	-1.5282781525	3.7050379149
Ames26803	1	-1.3743596097	-0.8669044275	3.7713137443
Ames26804	1	2.4461512484	1.3457386943	5.3227642499
Ames26805	0	-9.08962143	-1.9818306309	-6.4888895033
Ames26806	0	5.272882774	-1.6839280174	-2.1812764751
Ames26808	1	-4.2704650326	0.6722559769	4.3884921461
Ames26812	1	7.908701176	15.242393969	-2.2014375276
Ames26813	1	6.382810351	10.3022369211	-1.41007831
Ames26815	1	11.9088468363	29.8316189297	-3.5220743819
Ames26909	1	3.9909815303	2.3796582128	2.9908748851
Ames27018	1	5.6684472087	-3.7341502006	7.1735543579
Ames27019	1	-13.2656860389	2.2782714974	8.694895172
Ames27020	1	-23.6350665389	3.4012419721	10.9838663157
Ames27021	1	-25.994362479	3.5689315782	7.1273191693
Ames27024	1	4.3840550276	6.5422863997	-0.2693542966
Ames27025	1	4.3351409158	6.7023896587	0.9567982613
Ames27028	1	5.3433855611	1.6995033704	1.4855404042
Ames27032	1	-2.9981538112	-0.6032845394	11.5791533124
Ames27033	1	-6.8487483446	-3.1754241073	8.3095818749
Ames27034	1	-11.5724167657	1.9811844922	2.4877891509
Ames27036	1	5.6717863266	2.0014501831	-0.2422657845
Ames27037	1	1.458329652	1.1690701293	1.8010583544
Ames27039	1	3.2684676108	1.2515216772	-0.2061384078
Ames27040	1	1.5021526926	2.4653266037	2.0834599096
Ames27041	1	0.6770596725	-1.4947605288	0.3668477394
Ames27042	1	1.737926943	2.6450396151	2.7410934541
Ames27043	1	3.3379674214	-2.285843514	1.2539321557
Ames27044	1	4.2852991094	5.0943932589	0.268784236
Ames27046	1	1.7322226133	1.3989096732	2.6322493072
Ames27047	1	6.7708215155	14.8329893391	-1.5312290287
Ames27048	1	3.7320351378	2.3180194161	0.3440923108
Ames27049	1	2.822560379	-2.8817803809	0.4358193782
Ames27051	1	-6.1936220007	-0.064195724	1.3662396267
Ames27052	1	-16.51570432	5.3179170958	-1.4332155208
Ames27053	1	-14.2914415447	2.8016898449	3.0030584474
Ames27056	1	1.8973942932	-0.1762298224	4.129408047
Ames27057	1	3.4668918463	2.4199923258	-1.046687072
Ames27075	0	6.4835359501	-7.7341989768	-8.958178054
Ames27077	0	5.0527773243	-8.9207096508	-9.2387278446
Ames27109	1	0.9755785388	-4.695859277	1.2638544992
Ames27117	1	5.2036968995	15.5946103316	-0.8513015275
Ames27119	1	10.355405406	28.6829944969	-2.9510916457
Ames27136	1	1.8051189004	0.5517734029	0.8608257801
Ames27142	1	-30.4023530545	2.9070399897	-11.125836901
Ames27150	1	-27.42399177	2.574872021	-9.5144012644
Ames27152	1	-29.7086896433	2.572424913	-11.3126691587
Ames27154	1	-30.4332199418	2.8572714567	-11.2003989604
Ames27157	1	6.2392096807	-2.620597117	-1.5595480712
Ames27161	1	-30.4830451064	2.8814141104	-11.2022056073
Ames27162	1	6.4023733602	-2.8152655315	-1.5374197939
Ames27163	1	6.4019663116	-2.6616933732	-1.5397804144
Ames27181	1	6.7630726509	-1.5162667607	-2.174567865
Ames27182	1	-31.9272120201	3.611275867	-10.4642161166
Ames27194	1	3.7827589756	-1.4731314254	2.667603212
Ames27197	1	4.2762426282	-4.9435695797	-3.0922232795
Ames27198	1	4.385381492	-6.4977321987	-6.5102752315
Ames27199	1	3.9386594305	-6.3493495719	-2.0407353771
Ames27200	1	0.9717676557	-7.0502361309	9.8053040326
Ames27201	1	1.124982989	-6.6560328108	14.5198912084
Ames27202	0	-12.5549563072	-2.64445158	-4.7922705179
Ames27203	1	-30.9108658349	4.4585605948	-3.8541080896
Ames27204	1	-4.8954151571	-0.2454664283	0.4087523672
Ames27205	1	-23.8700581556	3.4397897843	6.3304863278
Ames27206	1	-24.6033918868	1.1458066692	-8.8549523803
Ames27207	1	6.2164894185	-4.7475988636	-6.9972545945
Ames27208	1	-30.8805139587	2.7262610673	-10.3309151436
Ames27209	0	1.9892897906	-4.8046178899	-3.6909975058
Ames27210	1	3.2276273404	-2.4785356149	-0.0795413074
Ames27211	0	1.6841990619	-1.0210843222	1.5993348714
Ames27212	1	4.8474976354	-4.743422041	7.715582475
Ames27213	1	4.1981183694	-4.7719908649	7.5062707364
Ames27214	1	-16.6190166473	-0.0702797038	-10.3225904191
Ames27215	1	-28.5040884037	2.4865744626	-9.7403180495
Ames27217	1	-30.8474803949	4.1893302677	-8.8051536372
Ames27218	1	-8.1288414551	-4.5591506634	-0.7795568512
Ames27219	1	-12.6302866272	-3.8552896701	-6.4248225899
Ames27260	1	4.7733129865	-8.8604998538	-7.8030802076
Ames27444	0	4.9280167842	6.3429179878	-1.1436400226
Ames27445	1	5.7033503406	7.8776636299	-1.2478577297
Ames27446	1	2.749569249	0.4530670356	1.4300694755
Ames27447	1	3.0791451794	1.1070806491	2.5222416381
Ames27450	1	-27.6249215606	3.3951122172	8.3635177635
Ames28170	1	2.5602143788	-0.2381682072	8.8465074731
Ames28186	1	12.5561787475	30.4181951108	-3.195267894
Ames28290	1	3.6476183154	-1.1277683769	-0.076179009
Ames28364	1	8.1294588938	14.0650731207	-3.0167389945
Ames28365	1	4.5118751705	-1.870786274	3.6575340053
Ames28367	1	1.6701043661	-3.4900650697	-0.0230821418
Ames28413	1	5.0990922574	-2.7403158194	3.8876259225
Ames28927	0	0.6517394472	0.4438155392	0.0809679219
Ames28928	0	4.7230326131	-5.2308031977	-5.6263944439
Ames28929	0	2.6130537744	-4.016121516	-0.4763131812
Ames28930	0	3.9084039591	0.7544349356	0.0081331806
Ames28931	0	2.7909547121	-2.4961650479	-3.7735128899
Ames28932	0	-0.5575562578	-2.559235074	-3.1342242272
Ames28933	0	3.4073500283	-6.2544777038	-4.0277077557
Ames28934	1	-4.5806777637	-1.3288040377	1.1081188792
Ames28935	1	-4.6304511094	-1.3817359017	1.0603059417
Ames28936	1	-2.2244686733	-1.7749237905	1.938721439
Ames28937	1	-5.2091203657	-1.1831080506	1.6331991521
Ames28938	1	6.7772576254	-1.9576786244	-0.2418171052
Ames28940	0	0.323753994	-3.5088044824	0.6603973962
Ames28941	0	3.0860458705	-3.6769697266	-1.5727290199
Ames28942	0	1.9555260667	-4.7794925885	0.4200263
Ames28943	0	2.3630624645	-5.668339618	-1.0528740997
Ames28944	0	6.0999140852	2.7652416525	-0.3344091446
Ames28946	0	2.6700071555	-4.7341530379	4.021513187
Ames28947	0	2.9045767092	-6.7509246737	9.2592150487
Ames28949	1	1.2572812048	-3.1954637523	1.5063457385
Ames28950	0	3.6727724453	-5.6579142058	-5.0850227527
Ames28951	1	-2.3062060391	0.5121460417	4.909804489
Ames28952	0	3.6782417588	0.4161392172	-0.3469423694
Ames28954	1	4.6429385642	-2.2340347535	-0.4878933826
Ames28957	1	4.9606542873	-2.0045543654	-4.2370085929
Ames28970	1	6.5409047371	3.7898640773	-2.057387149
Ames28971	1	4.7269431375	5.197729685	-3.422026932
Ames28972	1	6.0207650356	3.5579693963	-2.3874169919
Ames28973	1	6.5097701998	3.5871426296	-2.0186184359
Ames28974	1	4.7063511278	3.2802902461	-1.9386347399
Ames28975	1	5.8863319238	3.0793300689	-1.6400185132
Ames28977	1	7.3667843722	4.5148942869	-3.6565287835
Ames28978	1	7.2037593973	4.8644285836	-4.3355194169
Ames28979	1	4.9781466059	3.3290172355	-2.4440151275
Ames28980	1	7.7334340739	2.0238125307	-1.3504602185
Ames28982	1	6.9254810814	6.3977014692	-0.0908896894
Ames28984	1	4.8623039466	4.0691861841	-1.4586892813
Ames28985	1	4.1899271964	5.301687362	-0.5668061237
Ames28986	1	5.6445494706	3.9798730798	-2.0869918703
Ames28987	1	7.5764189921	4.2150869969	-3.0217530355
Ames28988	1	6.5322995072	3.1545519794	-4.6289436265
Ames28989	1	6.8017768439	4.8178741323	-3.4766775774
Ames28990	1	5.6107522905	4.107723802	-3.7394296101
Ames28992	1	5.7436244255	3.4570862327	-2.7369324505
Ames28994	1	4.1007848689	5.0623482071	-0.1900356831
Ames28995	1	6.7447398421	3.4298291113	-3.9745243876
Ames28996	1	3.9341523475	5.6958882257	-3.1366593173
Ames29001	1	7.020387028	6.2666780603	-2.3732801605
Ames29002	1	6.8410028273	6.4622910922	-2.3070749937
Ames29003	1	6.1739774388	6.5045575416	-2.6867439679
Ames29005	1	7.1105401588	6.8637694036	-2.3243027895
Ames29006	1	6.9782865703	6.8181702596	-2.2983302307
Ames29007	1	6.255265478	6.1823575732	-3.063242166
Ames29008	1	6.141129001	5.9367724249	-2.7724667743
Ames29009	1	7.2476024429	6.6727217226	-2.5422075429
Ames29010	1	7.0259919369	6.790791283	-3.0481566676
Ames29011	1	7.1145557069	7.518909102	-2.9967626674
Ames29012	1	6.9496337513	7.4150415969	-3.1231950933
Ames29013	1	7.2003285352	6.6001910684	-2.7932101343
Ames29014	1	7.0775323089	6.927291287	-2.7728161094
Ames29015	1	5.975640182	6.0374418781	-2.253847673
Ames29016	1	6.8585072532	4.8975235525	-2.4782978139
Ames29017	1	6.0430890278	6.5245110998	-2.5843640279
Ames29019	1	5.3933726478	6.9672951862	-3.2986286304
Ames29020	1	3.9203652199	7.014840901	-2.4924572375
Ames29022	1	5.2021115309	3.821820293	-2.862558144
Ames29030	1	7.1592614906	4.5625802045	-3.7860075045
Ames29394	1	5.2389158639	-9.6254406716	-9.0518734659
Ames29448	1	5.6065240508	-10.0434734295	-9.129133826
Ames30791	1	-13.2048029249	-0.9279537065	-8.1426498101
Ames30862	0	2.7120332057	-2.6191419483	-1.4365212628
Ames30863	1	4.4411744791	-2.2748657269	-0.7091671366
Ames30864	1	3.5448399524	-6.1158385637	13.0495224986
Ames30865	1	5.2267867408	-6.1396296683	-6.7623479845
Ames30866	1	-0.5392990735	-6.5952720338	-9.185997479
Ames30867	1	-4.7315017741	-5.2957849694	-8.3066718176
Ames30868	1	1.9344008984	-8.0081202053	-6.2736856072
Ames30869	1	-8.9976402779	-4.9070681825	2.4208893506
Ames30870	1	-1.083848903	-6.8744348554	5.0717499304
Ames8397	1	-24.4620628227	3.0470050646	-8.8215057556
CIze127	0	1.8998719796	-3.9960512816	-2.6933689544
CIze23	0	2.7082349153	-4.2613217084	-1.7396999914
CIze27	1	2.7426264517	3.3491382244	3.5730475068
CIze29	1	5.7890730945	-7.0373472859	22.4222818331
CIze3	1	-9.663557097	1.0340500345	-2.2730885286
CIze317	1	5.5244323717	-2.6363935176	-1.8154832478
CIze38	1	3.8268137329	-1.4976699426	6.6195714113
CIze40	1	-1.0221781502	-0.6147816308	5.5181152424
CIze42	1	-2.2684288814	0.4282017456	4.9212275355
CIze44	0	6.1934576856	0.5507319991	-0.832058014
CIze45	1	2.7541921865	-0.1786287297	-0.7140108104
CIze49	0	3.3060000325	-5.1057842174	-2.2195811341
CIze81	1	4.6404894821	-1.5883492674	0.1484525697
CIze82	1	2.3171030475	0.0536599247	2.0631186548
CIze83	1	4.5288440293	2.730409795	0.646245057
CIze85	1	4.7321029676	-1.4299603655	-0.3317010334
CIze86	1	2.6979220404	-2.8782077811	1.2289551266
CIze89	1	3.4397951695	-0.146285822	1.2598788874
CIze90	1	0.3002885988	-0.8563832954	4.9656059697
NSL117226	1	-10.6813544691	-0.2642914974	0.6422788127
NSL15405	1	10.2862416044	24.0482270598	-0.9889438083
NSL174429	1	-27.6776704304	3.4747623199	8.4511235526
NSL197104	1	6.8475468938	-4.5522671055	-0.9271822071
NSL197105	1	-17.1125011352	-0.4464221	6.8363800381
NSL197106	0	3.9795616562	-6.4704865368	-3.0335201707
NSL22628	1	4.9304482467	0.4132131321	-1.2935564677
NSL22630	1	2.1099390724	-1.7967542408	1.0596825075
NSL22631	1	5.9757187552	0.7536664053	0.6538008456
NSL22632	1	2.5956591562	-2.2828200006	1.1929773941
NSL22634	1	4.2267819815	2.2082220968	1.4862069824
NSL22635	0	5.215200051	-0.0134516014	-0.5803009037
NSL22983	1	6.5318921498	-0.0753391213	-0.9370359079
NSL242483	1	0.8725748818	1.1306965859	2.9312713311
NSL243016	1	-20.9125691933	2.8119936659	3.1159441339
NSL246151	0	3.6432896377	-3.2980303062	-3.7539900913
NSL250298	0	3.0626824275	-1.0354162233	0.961842707
NSL250299	0	0.8658173344	-4.5257108356	-0.2236754012
NSL28965	1	2.5559107494	-1.0708117427	0.6211309913
NSL28967	1	4.2198393696	-2.3312482851	8.5317329336
NSL28968	1	0.2889662058	-1.2697945205	-0.3282505173
NSL29282	1	-0.5702308987	0.4050668447	4.4810916424
NSL29284	1	-4.5822478471	1.2579938491	4.3392595397
NSL29285	1	7.7937902408	-1.6741072832	1.0360121457
NSL29287	1	6.7565753249	0.2618106941	-0.649356176
NSL29289	1	1.4532293047	-2.4959995383	0.4220987784
NSL29303	1	0.0015472908	-1.779853771	6.3394244162
NSL29305	1	2.2064411861	0.1348131592	11.6597276786
NSL29316	1	3.5115569969	-0.3546174646	2.8180897444
NSL29317	1	4.1384965634	-1.1758236184	0.9000136003
NSL29319	1	5.7331311078	-7.4580531182	22.6088059457
NSL29898	1	6.5527479087	-6.5439998296	19.956667242
NSL30060	1	4.890599103	-3.6958530388	2.9934291224
NSL30064	1	-2.1814731452	0.8141917506	3.001422701
NSL30065	1	4.2305523696	-2.1773315762	0.5347981375
NSL30066	1	1.1767390549	-0.58792597	3.1767645644
NSL30067	1	2.6862471218	-6.24934027	0.3825552173
NSL30068	1	-0.3970546581	1.4173745545	7.6510408857
NSL30074	1	0.3012729519	-4.0989332544	0.3266552857
NSL30835	1	5.7288593612	-1.2373462047	1.8297714728
NSL30863	1	1.6591550661	-2.3172159475	-0.5596597393
NSL30864	1	-4.4967283179	1.2091337597	4.3536588677
NSL30865	1	-2.588920594	-0.3817792209	5.9372176259
NSL30866	1	-2.3491498608	3.1062170675	6.7116817367
NSL30868	0	4.2405924226	-2.2242286801	-1.3576794917
NSL30869	1	4.8576945469	-2.4015222644	1.3100824621
NSL30872	1	3.1019827129	-3.2874064475	3.8174610635
NSL30874	1	6.2698384082	-7.0315921315	20.9021323364
NSL30875	1	3.7473474422	-1.4949787374	6.215128291
NSL30876	1	-1.3574084665	1.3409976112	4.0774606626
NSL30877	1	2.9019528285	0.7452117962	4.4514706621
NSL30878	1	3.0530106592	1.3981618555	4.2109586686
NSL30879	1	3.7375720506	-0.3083577533	4.2321490308
NSL30883	1	2.3334612939	-0.9247083479	0.8206590165
NSL30884	1	3.4096675401	-4.8524998146	-1.2591717781
NSL30885	1	-4.5656150328	1.1329348619	4.3046889199
NSL30888	1	3.6133373327	-3.7902947441	1.9215415773
NSL30889	1	4.6003723933	-2.8879166228	2.0973541954
NSL30890	1	2.1694512133	-3.8842850076	2.0392591474
NSL30895	1	3.585837055	1.3505548308	2.7736166592
NSL30898	1	2.3322485611	-3.5937075115	2.6012468429
NSL30901	1	-2.3041130132	0.3638870193	3.7775804004
NSL30902	1	-4.6707494304	1.88040337	0.7408674879
NSL30903	1	0.6115203247	0.9601430923	0.875487115
NSL30905	1	2.6691530138	0.8510510445	4.2750612044
NSL30906	1	5.0176220048	-1.2394677486	0.6304652503
NSL30907	1	-0.8030939916	0.3232553367	6.3950518079
NSL30909	1	5.1258107013	-7.2076525934	22.0710751104
NSL30910	1	-0.8655640286	-0.1844272523	7.0298229445
NSL30912	1	-3.9559816823	1.1968996977	4.2299266697
NSL32718	1	9.332794411	23.6622659057	-1.504202346
NSL32719	1	5.4996638918	5.2224946907	-1.5648002193
NSL32720	1	6.3878077929	13.7692089231	0.1502047747
NSL32721	1	5.4690781211	8.0716798289	-1.4998505799
NSL32723	1	2.8102549031	5.4506287066	-1.0009702895
NSL32725	1	3.2274543055	-1.2878652349	-0.6631212718
NSL32726	1	3.6329466222	2.7983695024	-1.4130046157
NSL32727	1	5.7177538074	-0.8505162063	0.8319041524
NSL32728	1	3.500321006	0.368378114	0.5961412503
NSL32730	1	4.8713571084	-1.304797064	4.4109418225
NSL32731	1	2.3428944863	0.4071832221	0.901206085
NSL32732	1	3.237692991	0.6081837886	0.3665331836
NSL32733	1	0.4570139735	-1.7796932683	8.6083072332
NSL32734	1	3.2941526402	-0.9903813452	3.134882805
NSL32736	1	3.4046956856	-1.2314665603	3.0681056168
NSL32739	1	2.5640028817	-0.7249931164	9.5839054425
NSL34374	1	6.8884210045	-3.2407226494	5.9236614874
NSL42804	1	6.4732099441	0.0483235542	0.8201670261
NSL42805	1	5.3883815976	15.7257754118	-0.8749465166
NSL42806	1	12.6660568292	29.3920302723	-2.8748161997
NSL42807	1	7.9581221553	21.1854568923	-1.367458505
NSL42808	1	14.0786346748	30.8034749394	-3.5143797413
NSL42873	1	3.8271560874	-1.9646938821	1.5086291343
NSL42874	1	4.1641771509	-0.2197814442	0.5256553642
NSL42875	1	1.1594994195	-1.8468028065	4.8685607312
NSL42877	1	3.3712766076	0.0502549771	6.5180522049
NSL42878	0	4.3351817824	-2.8661289772	2.9981752217
NSL437871	1	6.3392148713	-1.2817384983	-2.3832079345
NSL437879	1	5.5558590135	-6.7314807079	-5.6078808075
NSL437882	1	2.0163375776	-5.1462233972	-4.8016800745
NSL437890	1	4.5418490234	-3.3870490274	-2.5652109511
NSL437891	1	3.8689777737	-7.0769797743	-4.9599950795
NSL437893	1	-0.2317107692	-0.1097423937	-1.8241370073
NSL437895	1	3.519459208	-6.9062325325	-3.2194183645
NSL437896	1	-3.0521929874	-3.1750698906	-1.8906925565
NSL437897	1	-31.926944603	3.6529731942	-10.4929870073
NSL437899	0	-16.5395820957	-2.1793803735	-8.2384415537
NSL437903	0	5.7765371022	-2.3282964188	-2.0447140585
NSL437905	1	-14.8754898642	0.2404353934	-4.5729677317
NSL437907	1	-31.942693769	3.6725451568	-10.2315120872
NSL437908	1	3.0322290013	-1.0154762301	0.6326720104
NSL437909	0	-9.2117018533	-1.3185327887	-3.2779778252
NSL437910	0	-16.9199978795	1.2806134843	-5.6182448628
NSL437913	1	-31.7956881809	3.6221103237	-10.6982797999
NSL437914	1	-31.1582438376	3.1021240101	-10.0627396
NSL437915	1	6.3648085583	-7.3994104103	-2.6825155806
NSL437920	1	6.7220336351	0.4006783037	0.0521386194
NSL437923	1	6.7160562346	0.3066393811	0.0430073253
NSL437925	1	6.5935539742	0.2267864191	-0.2151459073
NSL437928	1	4.3812225832	-7.0457649196	-8.3649915058
NSL437929	1	3.5702089373	-4.7475102206	-0.5029313461
NSL437931	0	4.1959497172	-3.5116140257	-4.6655527459
NSL437932	0	7.0277857255	-5.0255976121	-2.4031833635
NSL437933	0	5.9484479788	1.6150850858	0.3066759442
NSL437934	0	5.9206646845	-4.9131514506	-4.9590008233
NSL437935	0	6.0367787718	1.6506933511	0.4436094598
NSL437936	0	6.4530122316	1.7396368586	0.8067115761
NSL437937	0	5.4259371411	-9.3636182125	-7.2663743743
NSL437939	0	6.2339567386	-6.1162405085	-5.516960114
NSL437940	0	5.3074907105	-7.0615656071	-5.8195362793
NSL437946	1	5.2775299804	-6.4390688841	-3.0573210089
NSL437947	1	4.6459269317	-4.8564337651	-1.4577263828
NSL437948	1	5.0399087841	-4.7374119467	-5.4385596648
NSL437956	1	5.0248052977	-7.5713179132	-8.0247497645
NSL437959	1	-27.8198470602	2.9611600197	-6.0126371116
NSL437960	1	2.0025953726	-6.0374688701	-3.4356387666
NSL437962	1	-6.8744664595	-1.8933784173	-3.5739558022
NSL437964	1	-3.6564508001	-4.4962722657	-6.1339309368
NSL437966	1	5.3516522679	-7.0252240697	-2.352292231
NSL437968	1	-7.9710062627	-1.8615431028	-4.1876140184
NSL437971	1	-7.8469161859	-2.7494378823	-4.0179837068
NSL437972	1	0.8921405249	-5.1981333942	-4.9637035968
NSL437973	1	6.5035316379	-7.4278172532	-2.4596166657
NSL437976	1	-3.8980421227	-3.5923682489	2.6187501676
NSL437979	1	6.0510533574	-7.9512953525	-2.132026023
NSL437980	1	6.0448321591	-7.0616825879	6.3433253154
NSL437981	1	6.1195372164	-6.5683043647	5.0395436831
NSL437982	1	6.4056840037	-6.6199495892	4.9829157466
NSL437983	1	6.6672726283	-7.349944269	-0.9903202218
NSL437988	1	-31.780267402	3.5797201819	-10.2480184989
NSL437989	0	-31.8492122415	3.6366064021	-10.5164683354
NSL437990	1	-31.9411529755	3.5382716261	-10.498156285
NSL437992	1	-31.9418486006	3.6034318594	-10.4822901325
NSL437993	1	-31.8579669803	3.7050388029	-10.485875591
NSL437994	1	-31.7843382761	3.8123427759	-10.3025499339
NSL437995	1	-31.7240463157	3.7685516493	-10.465181729
NSL437996	1	-31.934605771	3.7282722199	-10.4584348641
NSL437998	1	2.7032920035	-1.1116946582	5.1651340623
NSL438002	1	5.0000000202	-5.0240837501	-3.25E-005
NSL438007	1	1.4259521726	-6.2284882139	-0.1654194435
NSL438008	1	3.1657844388	-4.4480589849	3.2149360822
NSL438009	1	1.7268524137	2.158219725	2.1619475554
NSL438010	1	3.8824965851	-6.5749227324	2.0898076784
NSL438013	1	-25.6082127394	4.1769116401	5.8289899689
NSL438022	1	5.3382801501	-7.8779181148	7.3752135012
NSL438029	1	5.682618789	-6.8474002365	-1.4110697251
NSL438030	1	-9.7416890983	-0.5063211513	-2.3700684204
NSL438031	1	2.2355268103	-2.1365071117	8.6490074389
NSL438033	1	-30.589011145	3.4639945891	-7.2856277558
NSL438034	1	-30.2045555886	3.6398610638	-3.5856936784
NSL438036	1	2.3628345217	-0.3208105654	9.4122929159
NSL438038	1	6.4443708412	-8.4633862235	-4.8475074452
NSL438039	1	6.4392680999	-8.5593015612	-4.941489245
NSL438040	1	6.4436412494	-8.5512034437	-4.9048628304
NSL438041	1	6.4295878099	-8.6311926854	-4.9213531815
NSL438042	1	2.5216624362	-2.0018968402	6.6690288704
NSL53081	1	5.2124142365	-6.0845921113	-6.8616590865
NSL53082	1	3.7729382902	-4.1390800607	-4.241269121
NSL53096	0	4.4879241532	-1.1746860537	-2.5304877043
NSL65862	1	0.6230848375	-0.2406178878	2.2464153175
NSL65863	1	2.9982263835	0.4984092769	0.0951559679
NSL65864	1	5.7674187694	-1.0725175414	0.7432261761
NSL65866	1	-27.6529966576	3.4851218957	8.3405383449
NSL65868	1	1.194733356	0.4981240278	2.9498984635
NSL65869	1	-8.5976056371	4.705183553	2.6784149063
NSL65872	1	2.2362644887	0.0250257363	-3.505222525
NSL67786	0	0.5280901619	-3.4505857191	0.6311219601
NSL67788	1	-3.6835841839	1.2498897951	4.2614355127
NSL67789	1	-2.0403100011	-1.4799609823	0.5750321343
NSL67790	1	3.9547218395	-0.4456368609	6.4415656543
NSL67792	1	7.5707402725	-2.102267556	1.180059157
NSL67793	1	1.2211238482	-2.9349490339	0.0802838531
NSL67796	0	5.6724582367	-3.7999536752	-0.6947128342
NSL67797	1	4.3739772145	-2.11037006	1.2641874649
NSL67798	1	-2.2385002897	0.5073851663	4.9796076373
NSL68245	0	2.607836963	-5.6765984549	-2.4637857909
NSL75970	1	5.256399327	3.778939126	-1.9777060866
NSL75976	1	4.8926631577	4.6429285168	-1.4086628647
NSL75977	1	8.2278859527	4.977399661	-4.1190261221
NSL75980	1	5.8310028443	6.4886645188	-2.0024691596
NSL81595	1	-1.620572133	-0.1193153551	7.46740252
NSL81596	1	-2.3685702825	1.9616419998	7.8732779309
NSL81597	1	13.8917124717	29.6103008999	-2.5859644236
NSL81598	1	5.2632657175	0.5982911353	1.3608257497
NSL81600	1	2.0181497115	-3.6124975613	6.9730139215
NSL8579	1	7.8199972497	15.6951080345	-2.5067125395
NSL8582	1	9.4542515201	24.6341136783	-1.9537920714
NSL91618	1	-13.4939561426	3.9726014419	-4.5534399003
PI186182	1	5.2880359094	3.7301350924	-2.2385887419
PI186183	1	3.3233541159	-2.5117502058	-5.0749208432
PI186184	1	4.610326218	-3.9786845098	-7.1919081813
PI186187	1	4.4702249918	-2.1234765107	-6.2775424705
PI186192	1	3.6617148816	-4.5360382271	-1.468924706
PI186195	1	3.3411574222	-3.4791995284	-2.0264300514
PI186196	1	4.7262311395	-6.1846134796	-5.5891484495
PI186197	1	3.3462799819	-6.9799636497	-4.2571946523
PI186198	1	1.6450169468	-2.5281074117	0.4151570769
PI186199	1	2.4858570162	1.4255861655	2.5576350723
PI186221	1	3.7356095914	-4.9947284386	-6.1967874911
PI186228	1	4.6206685575	-0.9282316932	-6.1748172392
PI186230	1	2.575997755	-3.1387139158	-3.7701644927
PI186231	1	2.7525108233	-1.3845310413	-3.4953543783
PI198889	1	3.6426660758	4.3243987277	-3.7369162258
PI198902	1	4.9127926757	-4.4085729686	-7.0466878006
PI200179	0	4.9207465252	0.402872675	-1.9806688038
PI200180	0	2.9453994933	0.2175589356	-2.1538202871
PI200181	0	5.1367302045	0.1903159401	-0.9502131914
PI200182	0	3.7329166742	0.411177803	-2.0863918842
PI200184	0	4.0459462951	1.3717820802	-2.7119491847
PI200185	0	3.4817226195	-1.0182736699	-1.7376247232
PI200187	0	3.6897551155	-1.6777998777	-1.6079852713
PI200188	0	2.6548742899	-0.8628831721	-0.5210998021
PI200189	0	5.1468005455	1.5317124861	-0.0483273345
PI200191	0	4.1531330572	-0.1852107432	0.8768814241
PI200192	1	0.8488574885	-4.985215913	-0.4984582066
PI200193	1	1.696620027	-4.876213175	-0.7218602546
PI200194	1	3.7447891299	-2.5926581427	-0.3596229344
PI200195	0	2.9637440202	-3.7976988953	0.2402856376
PI200196	1	2.3875163426	-3.2030433377	-1.9179245596
PI221733	0	3.5750538941	-0.6054873285	-1.8552554071
PI221734	0	3.7876297486	-3.9878890199	-1.4987394536
PI221735	0	3.8159745888	-2.811552351	-1.9433382107
PI221736	0	3.7532223493	-2.838190836	-1.9853443817
PI221737	1	3.9192241986	-4.3263037674	-1.5096752422
PI221738	0	4.2125030471	-2.9295327021	-1.0370125267
PI221739	0	3.987183516	-3.5778172616	-1.8797324585
PI221741	0	2.8259498051	-4.8552475393	-3.8348187458
PI221743	0	6.11919947	2.7014025729	-0.4301993385
PI221747	0	3.9875481292	-4.8151719902	-2.3189432822
PI221749	0	4.6012208053	-3.4544031082	-2.5051621526
PI221750	0	4.8877726875	-5.2939472041	-1.5866867226
PI221773	0	4.7659924276	-1.8056397911	-4.4547576689
PI221775	1	5.8202289478	0.4786968537	-2.942759349
PI221785	1	1.6817395479	0.7909975526	1.6404382662
PI221788	1	3.8402110549	-3.9530042121	-4.2409618761
PI221790	1	3.0488650899	-3.8050080936	-3.2168680941
PI221794	1	4.2398337583	-5.8823830306	-5.9709500291
PI221805	1	5.8812841395	-3.8597047603	-4.7110002683
PI221820	1	5.1052936225	-3.499848397	-6.9017890436
PI221821	1	3.8058296719	-4.5364857297	-5.0513862941
PI233312	1	11.241277336	25.2323610429	-0.9761493065
PI233313	1	8.6291304915	23.6274347035	-0.6794520117
PI233314	1	10.159703184	24.3262096594	-1.6987830514
PI233315	1	13.4855455381	29.5305906916	-3.4530071435
PI233316	1	1.4570616376	-2.1064004662	6.5189373202
PI233317	1	11.029911488	25.5763179079	-3.3896835068
PI233318	1	12.3001018865	26.6515422396	-2.1807069016
PI233319	1	11.0991819179	27.8712796173	-2.1339493225
PI233320	1	12.798661978	27.3198616306	-2.5862255145
PI233321	1	11.3632831544	25.6607403889	-2.899057778
PI233322	1	11.382547167	29.4945213735	-3.3364011825
PI233323	1	11.3242557246	27.1909479327	-1.669481331
PI236997	1	7.4893269624	12.594216301	-2.3629352608
PI257506	1	5.2233779654	11.2716209876	-2.8853567959
PI257507	1	8.6363194884	7.9076089819	-2.7868597826
PI257508	1	5.6002448593	13.2443809525	-1.0021917754
PI257511	0	5.771925184	-1.7187321873	-5.2947333591
PI257512	0	5.6174365227	3.1878618704	-6.072196723
PI257513	1	3.9982270433	-2.0054975712	0.7015551165
PI257515	0	3.4621650153	-3.5251581117	-1.7418624286
PI257516	0	5.5655439038	1.424804923	-5.7092764165
PI257517	1	6.0383020012	7.6955453887	-3.5771497766
PI267164	0	5.5582130555	-0.0279689668	3.7759215136
PI267165	0	4.2783595211	-0.4847957591	2.8178775059
PI267166	1	4.0159196507	0.0190403361	0.0526850113
PI267167	1	3.6391837447	-0.348639963	0.6059746279
PI267168	1	3.3446615473	2.8632165732	0.2950189428
PI267169	1	10.7404363777	25.6974013052	-1.1305046863
PI267170	1	6.5454548119	2.2652590299	0.7001720056
PI267171	1	4.2158056889	-3.1366843243	3.1816423742
PI270297	1	5.2328181633	-7.9349189529	-9.8195903903
PI303924	1	6.671743313	11.2774850962	-1.288095939
PI303925	1	4.1041725755	-2.5287595484	1.421540152
PI303926	1	3.5525288623	-1.4837377987	0.3527067833
PI303927	1	4.449382025	-2.1262911166	-2.7289261035
PI303928	1	0.2283832718	-0.4398629534	-0.4970918645
PI303929	1	1.0070400573	-1.4565098375	-1.2108222785
PI303930	1	3.1318706005	0.6821044231	1.3540117613
PI303932	1	2.4929208065	0.278853524	1.3676668374
PI303933	1	4.3158900738	-2.9326559915	-2.7270605259
PI303935	1	1.2080116976	-4.6192649535	9.3109322204
PI303936	1	5.1002931237	-5.650292434	-5.7896757875
PI303937	1	4.3660000899	-3.3421058208	-4.352440395
PI303938	1	4.6412980332	0.004772796	-5.49583081
PI303939	1	4.1501738527	-6.9970495772	-6.9084783525
PI303940	1	5.2123955983	-7.1275268391	-6.1127745071
PI303941	1	3.0770835148	-0.6125185883	-0.0265002945
PI303942	1	5.6198943176	-4.2278182629	-4.8113065506
PI303943	1	4.9077245641	-4.0636591445	-5.4666362257
PI303944	1	5.7963840742	-3.3027233951	-6.0949038995
PI340812	0	2.4263257286	1.0537672286	0.3368017359
PI340813	1	-1.8548307244	1.7435370788	4.8879933947
PI340817	1	5.9358083226	13.5680734756	-0.6357853349
PI340818	1	6.8857077388	12.8353298344	-2.2527058792
PI340819	1	7.513336611	15.2994969936	-1.3571188733
PI340820	1	5.5890708656	-0.1480658178	-3.0621312422
PI340821	1	3.5643052339	4.1669950911	0.1696316945
PI340822	1	6.4460544924	14.1026436043	-0.5368159797
PI340823	1	6.4823250321	12.1764418018	-1.9091851251
PI340824	1	5.0453267572	8.6463558073	0.1736319907
PI340825	1	5.843563972	11.5654201841	0.022054764
PI340827	1	4.8169141986	1.4441418503	0.7927651076
PI340830	1	3.864430035	4.1764478241	-2.9420533086
PI340836	0	6.5523326347	3.3948610908	-4.7551840573
PI340847	1	7.5519927073	6.9408302558	-4.4025092275
PI340861	1	4.6984587069	5.1094025552	-3.5927213818
PI340862	1	5.1904369621	3.9694208823	-2.2840279507
PI340865	0	3.2245441169	3.1554776169	-0.4425548411
PI340868	1	5.4374987221	2.5377438753	-3.7629678309
PI340869	0	7.3391391238	-2.0002660185	-3.103658748
PI340870	0	6.8148346991	-0.5652209057	-4.0683805825
PI340871	0	6.9560121284	-0.1812920132	-3.1066624239
PI340872	1	2.9531390671	0.7684776526	-4.3473925137
PI340874	0	5.363435574	2.4129617451	-5.0942648716
PI340875	0	6.1369453113	4.8674008354	-3.4490723259
PI343953	1	4.4790593292	-1.9265810644	1.6896194576
PI358521	0	8.2607318878	15.8543748826	-3.1972189222
PI358522	0	7.9989848844	14.577296525	-1.9419941902
PI358523	0	8.4604802425	15.8967708952	-2.6680857772
PI358524	0	8.4049046463	13.7620558952	-1.9478352373
PI358525	0	8.1635382316	13.0377458413	-2.2028356434
PI358526	1	1.5044627649	10.0983284281	-0.2210613583
PI358527	1	9.6757096597	22.1267022634	-2.7687656361
PI358528	1	5.5061012146	8.8456706626	2.4968168438
PI358529	1	12.7297782303	24.3570979311	-1.6199962058
PI358530	1	8.5100929107	8.2100739679	1.0942482457
PI358531	1	9.4610693145	22.6745601705	0.9045342235
PI358532	1	5.0734758429	8.2577903316	1.089042392
PI358533	1	9.5671369384	29.47694391	-2.6190406791
PI358535	1	9.7876001283	29.3718332182	-2.5756570824
PI358536	1	10.6094936994	29.3201396308	-2.7447992813
PI358537	1	10.5392784918	29.3677304188	-2.5711539151
PI358539	1	10.7385302919	28.6166344942	-2.2138177786
PI369437	1	5.3592517347	0.3112682238	0.9795238561
PI369438	1	3.5944076058	-3.283163088	5.8860564852
PI369439	1	6.7973837137	10.5680822284	-1.5640314442
PI369442	1	1.6632529797	1.8500553655	2.9303524613
PI369446	1	3.2124423402	9.0517815518	2.0469543149
PI391414	1	-3.0792837729	-0.6869990319	9.6533836463
PI391415	1	6.2474519356	-4.9200807111	-6.9935846983
PI391416	0	6.0003391735	-7.8535772244	-7.613245184
PI391660	1	3.6371478586	-3.8985750825	5.0099592613
PI391662	1	6.248524323	-6.1230119079	8.9966053365
PI391663	1	2.0312200888	-1.1136166669	1.2155434183
PI391665	1	2.5683832907	-1.1099880739	-1.2391861268
PI391667	1	4.3837656117	-1.4257070635	2.6289802856
PI391670	1	6.7416375455	-2.5713380817	-6.5222454002
PI391672	1	6.6554968911	-5.5330996373	-6.6808729065
PI391676	1	7.1539842435	-4.4802824354	-4.8323532886
PI391678	1	6.2057284844	-4.3857810923	-4.1488241599
PI391680	1	0.7405279257	-2.9765140853	-1.6235497023
PI405705	1	4.5952778237	-3.0578923759	1.6711473834
PI405707	1	4.8057048903	3.6010819301	-1.5900899514
PI405709	1	3.8437219096	-2.044231398	-4.177434793
PI405713	1	5.4826769185	-3.9567078466	-6.3433560877
PI405714	1	5.6735431922	-2.3739971588	-4.6866005342
PI406106	0	4.1251264895	-4.5176260269	2.1337822803
PI406107	1	3.3898275074	-5.0706671581	0.5495149232
PI406108	0	4.2146849473	-4.7280828433	1.6010387068
PI406109	1	6.0821923814	-2.4631376782	-0.2993506253
PI406110	1	6.7961193806	-3.3460975971	-0.3652855303
PI406113	1	-18.1107049376	0.1650560777	3.3279087503
PI406115	0	5.9099000077	-2.7626432347	-4.2671178224
PI406116	0	6.9964310028	-3.1620109677	-2.2613815275
PI406117	0	6.1683635577	-1.0395691762	-1.876114011
PI406118	1	-5.8660219038	-2.9687856274	-0.7998418407
PI406119	1	-2.8549554486	-2.662857551	-1.2721853853
PI406124	1	3.557624761	-0.1760213513	2.0777496315
PI406125	1	-27.6515507699	3.5158339812	8.3560350138
PI406126	1	-27.5456858241	3.3834190712	8.429444034
PI406127	1	-27.4495621093	3.3429060326	8.2502050494
PI406128	1	2.4481273371	-6.0214322533	-0.0577214175
PI406129	0	4.5343512904	-0.4560605359	-2.2170690721
PI415077	0	6.8248369622	2.6500962896	3.3235209235
PI415078	1	7.1645659864	5.976541899	-2.1442074822
PI415079	1	8.3046752141	5.6243202848	0.4451547793
PI415080	1	6.5981027287	2.0005077403	-2.5547828632
PI415082	1	5.5954694433	3.1396674553	-2.1331927716
PI415086	1	8.4305197884	-3.3102384312	-2.1811564528
PI415087	1	8.3171721336	-3.1485609304	-2.5117644779
PI415088	1	8.3415618588	-3.2357645734	-2.4371813944
PI415089	1	5.4605511903	13.0284248531	-1.8519313745
PI415090	1	6.6966162864	15.1135444941	-0.3542794477
PI415091	1	5.9137108553	10.1428375342	-4.0639841641
PI433487	1	6.3290923068	13.0499078921	-0.6326645786
PI506243	0	5.5697756322	-9.6506975906	-8.0192419179
PI509045	1	4.1306059341	2.7676246099	-2.2489177215
PI509046	1	4.8048776086	2.4499461073	-3.3597980543
PI509542	1	-13.5320835631	0.0422483121	-0.1829492582
PI510674	1	2.5604412914	1.0763900625	4.8290476669
PI511309	1	-31.8891049511	3.6389238948	-10.4816860455
PI511310	1	-31.555841355	3.4167908076	-10.1955397899
PI511311	1	-30.4814420881	3.8565837599	-9.1391813205
PI511313	1	-6.0059079215	2.1631146314	-2.4425432638
PI511315	1	2.1307528382	-0.344300175	-1.0600272276
PI511317	1	5.8643573529	-1.133333409	-0.8592498292
PI511318	1	5.6565645517	0.3362082735	-4.1654523964
PI511805	0	3.3437274586	-5.2081688617	-4.9780709675
PI517968	1	6.165376016	-3.2570780206	-1.6147163203
PI517971	1	4.4731417274	-5.4625003901	3.7966389735
PI517972	1	3.5085046476	-1.4561364569	8.3538557328
PI517973	1	-1.4956239196	0.1475826991	4.1061316776
PI518660	1	1.4924706181	0.3942247904	-1.3217118026
PI520770	1	7.1825270523	-3.9886748833	13.2242290666
PI520771	1	-17.0201739559	3.4438586112	11.6031939643
PI520772	1	-16.3179030716	2.6967684107	6.7770745178
PI522250	1	2.1642540971	-2.0999052959	4.900060843
PI522252	1	1.4350681513	-1.3417365497	2.8202935317
PI524970	1	-1.3371634161	-4.236037117	7.4289345993
PI531081	1	0.2292059402	1.9574465944	7.3043152101
PI531083	1	5.9627983756	-5.6774535364	20.9610550152
PI533658	1	-1.7358059352	-0.352616512	1.8914631464
PI533659	1	1.6723866445	-6.2413896184	11.0916795581
PI535914	1	2.8609822898	-0.5722108157	-0.2147252035
PI536520	1	6.9211865968	-10.406839053	-9.2299496586
PI537097	1	-30.9733151475	3.9549078426	-8.7658645436
PI537099	1	-31.3321591305	4.0457378683	-8.9145887138
PI538007	1	-12.3523149973	-2.763304026	12.498188428
PI538008	1	-4.1069447056	-3.0665007437	1.2706659349
PI538009	1	-30.7670877747	2.6832428222	-1.6884225857
PI538010	1	-30.341548216	4.2106558486	-1.5515355259
PI538011	1	-27.330108132	3.3980177335	4.7089525679
PI538229	1	-17.0902611243	3.3491248358	3.299381732
PI538231	0	2.8687254164	3.8589118056	1.2036462093
PI538235	1	2.5713680125	0.4858161506	-1.5651317117
PI538236	0	4.0188695129	-6.6783252888	13.1685186731
PI538237	1	-25.842137673	3.2769721253	8.7765668574
PI538238	1	6.8439981302	-6.6201374481	17.7209253583
PI538239	0	-2.2323653992	5.4852859295	1.4640089997
PI538242	0	5.1338430665	-0.1624942807	1.2868121969
PI538244	0	-22.3887343456	3.5844298901	-8.2457731789
PI539859	0	4.2592307901	-5.8723692052	-4.2968801208
PI539870	1	5.8976949979	-0.4229474357	1.2740484535
PI539871	1	2.3867121116	-4.0347539119	3.8765728478
PI539872	1	-6.8297765254	2.5550440079	3.5851882187
PI539920	1	5.0349193896	-0.2860712329	6.2844395525
PI539921	1	4.3066875832	3.0883855135	0.9634533226
PI539922	1	-29.5439974408	2.4070371784	-10.8540503321
PI539923	1	-24.0317632572	2.4675990892	-10.3839739115
PI539924	1	-25.933018153	2.5462673511	-8.4377262008
PI539925	1	-27.8583036527	2.6494196732	-5.8690794803
PI539926	1	-10.2625394384	-0.107044559	-5.127111821
PI539927	1	-19.394687434	-0.4084269253	-7.9610524114
PI539930	1	-6.2849830862	1.0074257082	2.3794074176
PI540312	1	2.5298261486	-5.0649702848	-3.89021287
PI540741	0	5.8730685142	-8.9049287122	-9.6672241124
PI540742	0	5.5555440965	-9.4157878117	-9.4440806518
PI540743	0	5.0101948736	-6.6786144928	-5.6426304787
PI540744	0	6.1125365242	-8.2914564293	-7.3049407813
PI540746	0	4.7672821866	-9.0574342609	-7.2459597927
PI540748	1	4.6441360802	-9.5728049532	-9.1077428431
PI540750	1	5.7557205738	-9.1972106127	0.2562202376
PI542776	1	6.3509501142	6.3397353582	-1.8151488733
PI542778	1	5.6714532461	2.1635575204	-2.3837375482
PI542941	1	3.3472408219	-3.0955475742	-1.306820891
PI542942	1	6.1314634555	-5.127156058	-5.0641325394
PI542943	0	6.371735137	-4.5857860363	-1.0566036168
PI542944	0	3.2451707714	-5.7540842291	-2.7378748092
PI542946	0	4.034936555	-4.0999532313	-1.8066973898
PI542947	1	3.8927052722	-1.5724731091	-2.3848091752
PI542948	1	6.3408601825	-7.5381185776	12.0017583855
PI542952	1	2.0364900285	-1.7187149476	6.1178624885
PI542953	1	0.1502558517	-0.5430111471	0.208686213
PI542955	0	0.7218037304	-3.8266592438	-0.4867437393
PI542956	0	0.5421925327	-4.7944569692	-1.170952169
PI542957	0	1.5643221685	-0.8975128216	0.9169102179
PI542958	0	4.4796518733	1.3130687218	1.0958361997
PI542959	1	5.0815780361	-0.5434380097	3.2808584529
PI543008	1	3.0183751068	-0.7752543704	1.06192151
PI543840	1	-24.4381078257	0.2809261666	-7.7097212
PI543843	0	0.7010822305	-2.9179117509	0.3430769812
PI543846	1	2.7629185725	-5.1714163522	5.1842918981
PI543847	1	-19.1197484899	4.4649681222	10.4798291859
PI543849	1	-24.7158889405	2.3203421226	8.1568437694
PI543850	1	-18.4061202444	-0.2869815865	9.410423096
PI544065	1	4.8497967726	-1.907496518	0.0864637877
PI546482	1	-19.2507048996	3.0291359701	4.8433833373
PI546483	1	-21.9515455191	1.0519042847	-2.7759644854
PI546484	1	5.315311283	0.6065837003	-0.3126669968
PI546485	1	-21.3069479139	4.1239595719	-1.0069215646
PI547087	1	-0.2465355069	-4.5094007552	14.0426731243
PI547088	1	-26.9505014152	3.2110033011	6.7437816885
PI547089	1	-10.5427317731	-3.4309746948	11.0361989112
PI547090	1	-4.5798845026	-2.8292147293	12.6750490546
PI548783	0	-9.8935563148	-1.9500786972	-6.8407159356
PI548788	1	4.0909860755	-5.7051858625	-0.2481118736
PI548789	1	5.7269382154	-3.5463462405	-2.9789582018
PI548790	1	4.0558250871	-7.2938773819	-4.3961099018
PI548792	1	5.1574764744	-8.2477127842	-6.6021863597
PI548798	1	4.0052594489	-4.1770222428	12.4133968308
PI548799	1	-1.3870402095	-4.5033742831	6.7219677242
PI548800	0	4.4039361465	-8.2122121057	1.4357859855
PI548801	1	-17.0001838197	-0.0149025562	7.2472805147
PI548802	1	-25.2530252711	4.6113216419	6.9025170635
PI548804	1	1.911361743	-2.4912640235	1.3401536907
PI548830	1	3.1170735569	-6.7052100208	11.9996633843
PI548839	1	2.2477476689	-5.921669645	14.3757894605
PI550442	0	4.5650908675	-5.5887900642	-3.2654465996
PI550443	1	5.343282571	-6.5527496178	-7.1751439225
PI550456	1	-11.1295272098	2.6362138423	4.1329415709
PI550463	1	5.5528939769	-7.2302282126	21.6711458373
PI550470	1	0.5660689083	-4.3917162777	2.5095639727
PI550471	1	4.7186058186	1.045381406	2.1711346478
PI550489	1	1.1169318312	3.3675029165	0.7903828579
PI550491	1	3.5024243252	-4.3220977492	2.7355683276
PI550492	1	12.9290729634	28.6885971921	-3.2813390265
PI550496	1	6.2071918419	-1.7373344679	-3.6681237688
PI550497	1	3.935089298	-3.4877679643	-1.1050916347
PI550503	1	3.0626649394	1.1778370179	5.1054198729
PI550514	0	4.0446571602	-5.2115686024	-1.3258611937
PI550515	0	7.2442815229	-8.8118880907	5.0168829277
PI550516	0	1.6339920964	-1.932305702	-0.4977917178
PI550517	0	5.1250910802	-3.2566339125	0.2031467081
PI550519	1	5.6190955781	-3.1142677897	-1.8261928474
PI550520	1	3.2206573552	-0.64015489	1.454301877
PI550521	1	5.4412078628	-7.0795628294	19.3246497383
PI550526	1	4.9632540284	-5.5093950969	-3.9557397838
PI550527	1	-17.9996139119	1.2678880481	0.8349508673
PI550530	1	3.344934578	-2.1201580642	-1.6254782854
PI550531	1	5.1435308074	-0.8309449358	0.9108925354
PI550532	1	2.5669626509	0.7512845888	-1.4595958443
PI550534	1	6.7312247052	-9.6969918705	-9.0227831944
PI550540	1	0.9266830918	3.8950950765	1.3396754858
PI550541	1	3.0930883139	-1.1521084354	1.5893256074
PI550542	1	2.6468723545	0.8569434916	-1.4255802908
PI550546	1	6.0824800467	-10.562337002	-9.8680330266
PI550548	1	5.8729834129	-10.5993511594	-7.8774661784
PI550552	0	3.0081556496	-2.202607672	0.5825417302
PI550554	1	4.862056047	2.3202795978	0.4354528809
PI550556	1	-0.5416685542	-4.7346757439	2.4488210562
PI550559	0	2.739764791	-5.7595574001	-3.978210809
PI550561	1	0.4503503811	-2.6227745882	2.7873592118
PI550565	1	-26.530665248	4.0869926689	4.7888493674
PI550571	1	12.7086379226	30.3134657254	-3.2475966905
PI550573	1	4.5106765238	1.4578241702	2.5833736169
PI550574	0	3.2734839787	-5.2371648862	-0.9856985089
PI550695	1	-6.6983329429	-4.9992321959	8.1777104353
PI550900	1	3.3731490342	-8.1682093299	-6.9130883464
PI550901	0	5.3500875409	-9.3254501499	-7.4947795085
PI550902	0	5.1668161792	-9.2655180685	-7.2720971677
PI550903	0	5.4080219292	-8.8985553032	-7.8474978161
PI550904	0	3.5717741525	-3.8442169521	-6.1167686993
PI550905	0	4.6619939735	-10.4601354067	-9.2618821356
PI550906	0	4.7846565613	-9.188785048	-9.3029973595
PI550907	0	5.6218135821	-8.8960011213	-10.9522995996
PI550908	0	5.9304678011	-8.7148913452	-9.8354318459
PI550909	0	6.0193731684	-9.8351160621	-7.5908204394
PI550911	0	4.9368305431	-8.4115004011	-8.5864636869
PI550913	0	5.9627011098	-10.0683848719	-6.7340368662
PI550916	0	4.7296385307	-7.3777403006	-7.2035404206
PI550917	0	5.6327944505	-8.7099571053	-7.9707421349
PI550919	0	5.2641346457	-10.1890911212	-9.9656701392
PI550920	0	5.2307585148	-6.5805201637	-6.9390549287
PI550922	0	7.0071846776	-9.005762428	-7.9788823016
PI550923	0	5.7043529153	-7.2851209062	-6.8958871064
PI550924	0	5.4571322766	-5.9070306904	-5.8841171363
PI550925	0	5.1708750034	-9.8356693902	-8.5068216269
PI552815	1	2.4196057334	-2.496016689	2.3024892614
PI554612	1	-32.0927617697	3.1976887839	-5.7577400045
PI554615	1	2.0078907835	-3.6839075851	17.6665691044
PI554616	1	4.5297008679	-4.0698764385	3.5406880306
PI555650	1	1.4690356707	-2.7122804355	9.4012501042
PI555651	1	2.8731802632	-7.4135766654	11.8689047039
PI555660	1	-7.0148483575	-3.2479750926	13.4103600386
PI558517	1	3.1760185483	-2.652567361	3.243833111
PI559375	1	-30.6966942416	2.8130746435	-1.4902938874
PI559380	1	-11.6392821178	-0.8131855414	11.2443114515
PI559381	1	-30.3637713878	4.1536658476	-9.1107739112
PI559382	1	-30.321557327	3.7709901525	-8.9533130243
PI559383	1	-10.5668341379	-1.4576963064	6.2666403631
PI559916	1	-21.931149006	5.3821503331	-4.3693701019
PI559917	1	-12.6865310779	-1.2564698408	12.3387286647
PI559918	1	-2.1357657867	-6.3336379725	10.0352716561
PI559919	1	-9.4056009774	4.8439681178	1.4322473204
PI559920	1	-7.4680530798	-1.0422120236	2.6768355284
PI559921	1	-12.0217487095	-3.6397447365	10.8054966825
PI559935	1	1.0695614617	-4.4848587358	12.5351970086
PI559944	1	-25.8317493449	2.539223786	7.1031870335
PI559945	1	-1.921754421	-5.1791733202	16.4613363763
PI559946	1	-8.7775568478	0.1318845037	9.1805465427
PI559949	1	-18.1892219358	5.1359438512	7.7272987774
PI559952	1	3.4342376753	-3.1143952326	3.69252163
PI559953	1	-24.2069318756	2.7313531831	3.8674388538
PI559954	1	-26.4001987704	2.2641390389	6.6202659676
PI560075	1	-21.9405942834	3.0463908343	6.9728783579
PI560082	1	3.6014900367	-3.0270484117	2.6469522183
PI560316	1	-29.0622288084	3.9599087233	-6.5813677776
PI561515	1	5.8909252823	-1.7427579306	-0.8201390246
PI561516	1	2.6099034497	-1.454698785	0.3577088432
PI561517	1	2.1440547577	-1.7000861353	-0.3781331758
PI561518	1	4.7204149052	-8.3734760712	-4.2659127826
PI561521	1	0.2313050678	-3.576424055	-3.697764264
PI561522	1	3.1053735599	-1.1119768671	2.1568985139
PI561523	1	-2.50156473	-1.4383783895	-1.8460192644
PI561525	1	2.3097227125	-1.2962602789	0.2682849227
PI561526	1	5.5900057431	-5.0745867272	-3.7474201773
PI561527	1	6.4107635215	-3.4769950671	0.9999089433
PI561528	1	0.9275013783	-5.421848591	-5.1471248458
PI561529	1	-11.4707711032	0.4722675928	3.8525546808
PI561531	1	4.1237764639	-3.611744924	-0.4105712164
PI561532	1	6.7995822478	-7.0664492026	6.7019683489
PI561533	1	2.9788321911	-5.6218086606	-3.8572114465
PI561534	1	2.297285241	-1.0701557356	-0.1322982553
PI561601	0	5.694029324	-7.517365836	-8.380283076
PI561602	0	6.0228793144	-7.5483284739	-9.7902648049
PI561603	0	5.6124031414	-7.1240213222	-9.1700202752
PI561604	0	4.5062020688	-4.7940046721	-6.1183261416
PI561605	0	5.1955507041	-7.4125851385	-6.8189026458
PI561606	0	5.7358944215	-6.9968524112	-6.1396653318
PI561607	0	5.287501294	-4.3891307925	-6.4177216767
PI561609	0	6.6808882674	-7.6588745216	-8.4804462624
PI561610	0	5.4205431664	-8.0258510994	-6.9391512997
PI561613	0	5.1840596663	-6.5644955237	-6.7407843618
PI561614	0	6.6110542077	-8.3889486943	-6.9834985067
PI561618	0	6.0022940365	-9.0890674009	-9.5021758447
PI564683	1	4.0183198638	-2.1277559572	2.7705594179
PI564716	1	5.4721165523	-3.0734582053	-2.3447187194
PI564717	1	5.8211857142	-4.1422480507	-1.4068170488
PI564852	1	-9.0933322448	1.9508085392	2.0156699675
PI567792	1	7.6279891382	20.2642309066	-0.6342340013
PI567793	1	9.1596953616	18.8243287678	-2.1851318173
PI567794	1	5.8584742194	8.7470452337	-0.5377510942
PI572413	1	2.1223599423	-0.3686708829	5.1269652292
PI583846	0	7.009494118	-3.8121837552	-2.3347821258
PI583847	1	-21.3759251124	1.628738463	0.0978397236
PI584529	1	1.3099259772	-2.2396037114	4.9582623167
PI586935	1	4.1973796986	-8.5874300199	-6.8106523067
PI587126	1	2.3647594848	-1.805756007	4.4324997587
PI587146	1	-0.3684644173	-4.2368772133	1.8784026084
PI587153	1	4.662429363	-0.5462554291	-1.5627759896
PI591014	1	4.7699034254	-6.3055495449	-7.4779186696
PI591015	1	5.153642111	-6.3814753226	-7.3244451983
PI591022	0	3.570145218	-6.5669431244	-3.3832073578
PI592733	1	6.4795021672	0.1290091231	-0.6808205379
PI592735	1	-24.3359396629	1.648938645	-9.7673421439
PI592741	0	-3.1820904761	-1.2898268088	-3.2175105037
PI593007	1	-18.1563371781	0.4031549155	5.7600792774
PI593008	1	-3.2443705898	1.9535276097	0.6955029078
PI593010	1	5.0170817405	-7.9686489003	-9.2130868388
PI593011	1	6.4551460374	-8.8459513762	-9.0591835468
PI593012	1	2.7649669429	-5.8427037072	-5.2955417198
PI593014	1	5.3655151327	-5.7643305107	3.8912454693
PI593015	1	6.4041611635	-10.095274933	-7.9296140146
PI593017	1	-7.1566076118	-5.0597455938	-5.6853761024
PI593019	1	-17.2809874323	-1.2602432705	1.6352414052
PI594045	1	1.5328565335	-4.7322503129	3.291034909
PI594050	1	-11.0792889007	5.0531949224	1.9580874264
PI594051	1	-13.6993771172	4.9756846578	1.5044904194
PI594052	1	-10.2956973632	2.8589111794	5.7092321388
PI594053	1	-6.2501451595	2.6943798143	5.1238567355
PI594054	1	-14.6675343326	6.0144882662	5.8284061168
PI594055	1	-8.1339978272	2.0298423434	7.6859034033
PI594056	1	-6.9342059428	1.7916858069	4.9702483032
PI594057	1	-14.7271169023	5.9884873326	5.8830271593
PI594058	1	-7.8867113346	4.2805376852	6.2739384969
PI594059	1	-9.6643673553	4.9350194955	1.5983433247
PI594060	1	-9.5249231187	3.4438664358	5.8967026316
PI594061	1	-14.7501629277	6.0236881875	5.8325542065
PI594062	1	-11.4361415299	4.6114633499	6.3978844649
PI594063	1	-11.5786714761	4.7265943302	6.4133696002
PI594064	1	-8.5800047869	5.0907048589	6.6273779937
PI594065	1	-5.9004500747	3.9548196028	4.1993254242
PI594066	1	-5.5488084922	4.5095253614	4.3381644662
PI594067	1	-9.8482901205	2.5002863637	6.6782353572
PI594068	1	-13.9240858822	5.8174504584	0.8567618769
PI594069	1	-3.6508421488	2.4276048921	4.9395464431
PI594070	1	-5.3926380893	3.65790316	3.4904873144
PI594071	1	-3.5148272711	2.8813040127	3.1602197098
PI594072	1	-8.6114404046	2.2853043989	6.4669461797
PI594073	1	-6.911862673	2.4913759831	6.430856531
PI594074	1	0.1384178498	2.1861647852	5.259869278
PI594075	1	-8.6968542817	3.6312056496	5.6451546685
PI594076	1	1.4451218495	-2.6912291052	11.3657710239
PI594077	1	2.8578696544	-3.0627272939	13.6873640465
PI594078	1	5.1697532176	-4.2244298873	12.2671493024
PI594079	1	5.115501162	-6.5173441093	12.7068175856
PI594080	1	2.9450694395	-1.6504389304	15.5180473435
PI594081	1	4.1529644513	-5.3283407276	12.2264237034
PI594083	1	-11.4758981448	4.7349253158	6.3923304242
PI594084	1	-11.4466577335	4.6807647268	6.5833147336
PI594085	1	-11.4172797056	4.8337043016	6.416080947
PI594086	1	-11.4576431679	4.6627167966	6.3939700116
PI594087	1	-7.4908376566	2.5132152958	6.5536812302
PI594091	1	-11.4649127073	4.6800824512	6.4005274435
PI595366	1	-7.0734107789	0.8642969023	2.7049266797
PI595367	1	3.4459791605	0.0280428224	9.054755139
PI595527	0	6.7927006728	-10.2741208073	-8.9188192597
PI595529	0	5.7001257813	-9.7267449521	-9.4634108516
PI595530	0	6.301686652	-9.3355451815	-8.6499165524
PI595531	0	4.8747209264	-9.0720723218	-8.5053462611
PI595532	0	6.1116290487	-10.0412077838	-9.0151826122
PI595533	0	7.3112741471	-9.6860081148	-7.8671415862
PI595535	0	5.086453349	-9.5512861108	-9.3734798516
PI595536	0	5.6165363511	-8.6893126284	-8.3882987478
PI595537	0	5.1146054551	-8.9082750896	-8.179073612
PI595538	0	5.3018885636	-11.2743139058	-10.3373982713
PI595539	0	5.9964465896	-8.6293522305	-8.000621226
PI595540	0	5.4616623585	-9.6142719097	-7.7313363739
PI595543	0	6.4246673665	-10.2566360348	-9.0019034847
PI595545	0	5.9383593548	-8.4769308528	-8.3843058775
PI595546	0	7.3975740886	-9.0210821475	-8.5958570886
PI595547	0	5.6655425543	-9.9432423405	-7.3311115964
PI595548	0	6.567215928	-8.9928568677	-9.3653246574
PI595549	0	6.581105472	-7.8402181161	-8.4061973548
PI595551	1	6.1548325792	-9.2761266401	-8.6683505901
PI595552	1	5.8078123359	-9.3987644968	-8.0268103943
PI595553	1	4.0650504501	-10.6183623421	-9.0025651233
PI595554	1	6.0028887073	-6.8832762936	-9.4826512722
PI595555	1	4.326915687	-9.9214632231	-7.2294512159
PI595556	1	6.4699803407	-8.3471437847	-8.3463955375
PI595557	1	4.5978763674	-9.1013873028	-8.4964866844
PI595558	1	4.9404514801	-9.9899790896	-7.721672236
PI595559	1	5.2298211766	-9.5693923895	-8.68557358
PI595560	1	5.7198300327	-10.7769304853	-10.4053038389
PI595562	1	4.6732841996	-9.7852654422	-4.9470909936
PI595563	1	4.7193197527	-8.6269707237	-8.5582854586
PI595564	1	5.6261561151	-8.6773398413	-7.8079946519
PI595566	1	6.1650579635	-9.9243840272	-7.5802495201
PI595567	1	5.1582611134	-11.0020479022	-8.7726658121
PI595569	1	5.825059988	-9.2805871731	-9.9626551837
PI595570	1	5.3155526671	-10.9448768447	-7.0315932091
PI595571	1	6.5103257758	-10.5011691517	-8.8475480373
PI595616	1	3.121738033	-0.1914594991	6.5247354204
PI596354	1	-9.116430892	-2.6381305877	12.6769766219
PI596355	1	2.3894224159	-1.4534447888	11.3531813628
PI596357	1	-27.5191340776	1.7677026471	2.7970218667
PI596627	0	2.3058246097	0.7331598834	-0.6244157292
PI596628	0	4.1966377666	-2.4150769535	-1.694839644
PI596629	0	3.3851763568	0.1434551803	-0.8157112916
PI597578	1	-2.7383305306	1.9888840932	0.78374944
PI597925	1	-3.2126196527	-5.2855809277	11.744997499
PI597926	1	-0.3294983245	-4.481458841	-2.7722863983
PI600729	1	-27.5136542558	3.4611854958	8.3321054648
PI600751	1	6.6248319331	0.0684527557	0.1438566816
PI600772	1	-5.823634377	1.470851356	9.6738901176
PI600791	1	3.2772990174	-5.9576932088	19.8253558537
PI600944	1	2.1811333207	-0.1792980384	12.4782005995
PI600954	1	-31.1144940882	4.1367370378	-8.7925483051
PI600955	1	6.2822309943	-0.2777753361	0.018843742
PI600956	1	6.4770758459	-0.3116835442	1.3393417951
PI600957	1	-30.794940354	2.6657734638	-1.6879628421
PI600958	1	-17.7337233214	1.8578468184	1.0984545128
PI600981	1	-18.1841514928	-3.4578762471	1.2412434438
PI601003	1	2.8852461359	-0.0357928443	-1.082718961
PI601004	1	-31.2319570859	4.1268604858	-8.9272037395
PI601005	1	2.0587314967	-7.4305004174	12.3222985816
PI601006	1	6.3817578205	6.2834546976	-1.3798013449
PI601007	1	-10.4146155165	0.1523725903	4.4855576649
PI601008	1	2.9887302974	-5.3547123455	10.4097581004
PI601009	1	-12.449891101	0.8557403385	0.6224017157
PI601026	1	-31.8896234531	3.6316823601	-10.5552190554
PI601037	1	-14.0944940812	1.9627785566	16.8625030488
PI601079	1	-10.9932977628	-3.4660172274	12.9307863554
PI601080	1	6.0908515306	-0.0425302913	-0.3843382219
PI601150	1	-17.6508467129	-0.6717535487	9.2657176064
PI601159	1	-27.625025364	3.4397688139	8.5743504056
PI601170	1	2.9287641173	-5.5964434984	6.4264544645
PI601171	1	4.4452072935	-2.0392552907	-2.3692978437
PI601190	1	2.108112465	-7.4620336114	12.4327162752
PI601191	1	-31.9404883744	3.6101186441	-10.4839713665
PI601208	1	2.2818241671	-5.9910247341	6.4093146971
PI601209	1	6.0889762547	1.2479861687	0.0053468495
PI601210	1	-19.6503498187	4.3652951349	-1.6770645302
PI601211	1	-19.8736405893	4.3123650317	0.9682642648
PI601229	1	3.1320498844	-4.8823386864	9.1222657021
PI601270	1	2.0240626558	-7.6662555111	12.3376261453
PI601300	1	0.3195555944	0.0618455299	3.0783672298
PI601301	1	-23.3364656387	3.5769368124	0.122233456
PI601317	1	4.1056647039	-1.3392862602	1.7639742515
PI601318	1	3.3299189005	-5.342816106	18.2710758757
PI601319	1	-19.2343102604	0.0325018974	8.3097806652
PI601320	1	1.4537707703	-4.4003169019	4.1499295786
PI601321	1	-6.3390772603	-3.4492024979	4.9039716348
PI601322	1	1.8581590888	-2.2069079914	3.2712356372
PI601324	1	3.6687391498	-0.1423318493	4.3245317942
PI601329	0	4.5892368392	-0.7423328342	2.8422613597
PI601331	1	4.223940863	-1.9329538322	4.1677765051
PI601332	1	4.427699472	-1.639050933	3.5219441482
PI601360	1	6.6530258875	0.0073642069	0.1172396934
PI601361	0	0.5181653018	-5.1488169807	0.527935579
PI601362	0	-7.7138182698	-4.7622555821	-1.0105580438
PI601374	1	-21.1032856093	3.1880394391	-2.895413108
PI601375	1	-4.5423851751	1.5534864221	-1.5245437361
PI601376	1	3.8862354208	0.6313776988	1.3757368927
PI601377	1	-25.6679955415	3.1750038071	-6.7238608025
PI601378	1	-32.0158306638	3.6471448861	-10.4716539566
PI601402	1	-25.8353404899	3.2258565969	8.6054851523
PI601403	1	3.2791422556	-3.5852925549	16.7317335118
PI601404	1	6.5985103546	-3.5322294881	4.6954304015
PI601405	1	4.3762146184	-4.5588707207	7.3761253661
PI601417	1	-27.2827240898	1.7269828862	-5.2908825086
PI601430	1	0.9292632437	0.267578469	6.52E-005
PI601438	1	5.1277414277	0.4250511893	0.883247236
PI601439	1	-10.1688831949	1.928641085	2.1671202191
PI601440	1	5.9291088385	2.4279895934	2.9224044394
PI601441	1	-31.6851237323	3.3303973821	-10.2258259544
PI601442	1	-25.1464026732	0.8453826443	-1.0344241568
PI601457	1	4.1538358348	-3.3830178729	4.2345024409
PI601458	1	0.883165675	-6.7853953133	9.1824190635
PI601459	1	2.086556148	-6.7999089173	12.5104569245
PI601466	1	4.4303389296	-0.6007376116	1.2330282434
PI601467	1	4.8087908275	0.3186914308	-0.0746467692
PI601468	1	-29.9177061347	4.568157212	1.5324577825
PI601490	1	4.7535565165	-3.2172226514	9.5620200232
PI601491	1	-25.2672642357	5.5945852425	-2.1159535851
PI601492	1	-20.911784799	3.7455329413	4.9732181051
PI601493	1	-21.2521614063	4.5225173945	-7.4771381817
PI601494	1	6.9698528599	-1.3344924275	3.7124014637
PI601495	1	2.8393068211	-6.3405383048	9.7818939666
PI601497	1	2.0690649894	-5.8036131063	9.7310291138
PI601498	1	-18.1315175443	-3.2569083179	1.168698746
PI601499	1	2.740940679	-3.5212643809	7.5798031268
PI601500	0	-15.845499117	0.5452068151	5.7992648515
PI601501	1	4.3859587075	-4.4658600027	12.4555192037
PI601502	1	-29.7018625904	4.7770201492	-1.6942325551
PI601559	1	-25.1887156742	1.5992483265	-10.1670420434
PI601560	1	2.1746383032	-3.5062479338	0.2174486426
PI601561	1	5.501636724	1.1341666283	-0.0639019972
PI601562	1	6.4549567826	-0.3587602791	1.2179200058
PI601563	0	-23.8708722684	1.3549775475	-6.7323919262
PI601564	1	-5.9408512006	0.8927806653	1.7775992906
PI601565	1	2.1461026295	-7.8411662449	12.0337068186
PI601567	1	2.4046360645	-5.3038526241	9.1826605406
PI601570	1	2.3854670736	-6.7530353751	13.2089228921
PI601571	1	2.018878344	-0.302747276	7.3529321838
PI601572	1	-10.0432547545	0.1580856456	10.0134983316
PI601573	1	-24.3005115367	0.2006007623	-7.6019212693
PI601574	0	3.234055927	-3.1506102233	8.3718160381
PI601584	1	0.5098067568	-6.6118658681	11.3592425506
PI601610	1	-22.5525828117	3.9943852056	1.4280532624
PI601683	1	-30.0952763868	3.600857396	-4.5676399566
PI601685	1	6.2881201173	0.0538926362	-0.0465416207
PI601686	1	6.7083528587	0.0573605195	0.1709100824
PI601724	1	2.7816484539	0.8832963095	4.6946404415
PI601725	1	5.0699592442	-6.8336170993	8.4064155384
PI601726	1	2.1135761868	-7.5251195705	12.3293999737
PI601727	1	2.5841192863	-7.3450333105	12.4554786353
PI601728	1	3.8292193785	-7.5140533936	17.4067052035
PI601729	1	-22.4065220605	4.4145435512	-5.5808970484
PI601745	1	-14.9511207302	2.31904045	-3.6183793634
PI601773	1	4.3515748112	-2.985581548	2.5688458118
PI601774	1	3.1160292264	-4.5437044933	8.5123856935
PI601775	1	-21.8288648514	0.3697303888	1.392114334
PI601776	1	5.5997737163	-1.9219587447	8.0116850466
PI601777	1	-23.1449282625	-0.2655647433	-3.4430697773
PI601778	1	-9.2735483676	-4.7684035611	7.0489421801
PI601779	1	4.0834530569	-4.136596088	5.3292755348
PI601780	1	-25.630764234	2.942790819	-6.2473350926
PI601781	1	5.6970243821	-3.2214476043	10.5963475962
PI601782	1	2.1632162843	-5.0419971758	13.8446241979
PI601783	1	2.2206429648	-6.0192483636	12.086579599
PI601784	1	-6.0114844719	-2.3256709878	10.9738155505
PI601785	1	0.2083720409	-1.8294150771	8.0164130131
PI601786	1	4.0791411985	-7.4584259193	11.0146614251
PI601787	1	3.0705368554	-3.6386026261	5.6397348246
PI601788	1	2.4086416297	-6.4177067639	8.7898409672
PI601789	1	-19.7773438878	0.3425802002	5.4504359612
PI601790	1	5.2638551516	-5.3146129912	11.0359410162
PI601791	0	0.521334671	-4.5199289734	3.404918801
PI601792	1	3.4689030996	-4.3818503539	14.4076579977
PI601808	1	-12.7278236361	0.0058336142	-2.7356834312
PI603939	1	-0.0303884338	1.6379626352	4.80079893
PI604605	1	-7.3672867546	0.9491225629	5.3629063611
PI604606	1	-6.9971682544	1.4935631897	5.2118592607
PI607381	1	-14.777986209	2.8916444477	-2.2623481198
PI607383	1	6.3538873134	-3.3532364421	-0.6551678575
PI607384	1	-3.4147727564	-4.8980240056	11.1245334177
PI607522	1	6.1964540818	-0.377667327	1.090379201
PI607525	1	-17.8695163081	2.0895114983	9.2967442716
PI608764	1	3.0693102615	-2.333378212	6.3150245512
PI608768	1	4.3297467105	2.3185942837	7.3329100893
PI608806	0	4.1126562143	-8.3536718803	-8.3920779738
PI610493	1	4.4617777537	-9.1031024166	-7.7967528898
PI610494	1	4.7816377116	-9.071810969	-7.513865659
PI613179	0	23.4876552883	4.8613616178	-31.1999067237
PI614142	1	-6.7711373434	3.1295005536	2.5879675681
PI614819	1	5.3198968699	-7.4472555627	-7.5581412433
PI614820	1	6.8329044491	-10.4082717428	-9.6691843275
PI619429	1	6.514100436	-6.5154880618	-8.1298213752
PI619430	0	4.3904886837	-8.4870736921	-8.5024612047
PI619431	0	5.766938504	-2.8359018076	-1.0567083263
PI631393	1	-1.3800440881	2.0966507582	9.673776378
PI631394	1	-4.211053672	2.4102604988	0.4085284685
PI632413	1	-22.7447079484	3.2013702903	-1.3211672911
PI633840	1	-31.8242736816	3.6777791616	-10.4021047629
PI633924	1	0.6150719674	-3.5293198963	8.171490031
PI634206	1	1.1795127492	-4.6388760039	-3.2099496973
PI634207	1	-2.6010615673	-0.7618898658	3.4934231343
PI634211	1	0.5478172153	-1.0200424143	2.7712234672
PI634212	1	0.7448254782	-1.0788454998	2.9610846866
PI634213	1	-10.8150189528	4.2720320501	-2.7328515692
PI634215	1	-11.3173625009	4.1309295909	-2.1262765456
PI635122	0	6.3761766574	-10.8690147585	-8.8851335014
PI635123	0	5.3392391018	-10.0780492953	-7.8326204048
PI635124	0	5.5231553648	-10.2705393313	-7.9102988573
PI635125	0	4.2693306797	-4.9887507449	-7.3415664637
PI635126	0	5.0739182477	-9.9822464868	-8.563104186
PI635127	0	5.0567597096	-6.8796512759	-6.9462759614
PI635128	1	4.7196184471	-4.9449702376	-7.5131305822
PI635130	0	3.9289242053	-9.6038601145	-10.4376252739
PI635132	0	5.3401456523	-10.7879486034	-10.4558118825
PI635133	0	5.0222888621	-10.2361962035	-10.4043147626
PI635135	0	4.3098241731	-3.0745657897	-7.1696252965
PI635136	0	3.870987404	-8.9074528807	-9.0070967681
PI635137	0	4.7354576182	-6.881959933	-5.5402591446
PI635138	0	4.6788452405	-4.9714084686	-7.4766708173
PI635139	0	5.0514267054	-6.875880876	-7.4675305272
PI635141	0	5.653919134	-8.7668034903	-6.8112214385
PI638549	1	-20.458062046	2.5841133138	3.1972406541
PI638550	1	-6.4065791158	1.5425435901	3.5964843801
PI638552	1	-8.6514764998	-1.6263607314	4.8833486139
PI638553	1	-9.5787896073	1.107066483	0.6558732092
PI638594	0	3.1105430521	-4.6753218999	-2.0722735
PI639037	1	-17.0094321388	-1.2206059902	-9.6586527367
PI639038	1	-28.8476733931	3.9586036847	-8.8649955092
PI639039	1	-15.9590037792	-0.6640667824	-9.997100418
PI639040	1	-3.2155425589	-3.0986832853	-9.63740913
PI639042	1	4.8063196257	-6.9994698298	-9.1989365699
PI639045	1	-11.3947639857	-1.9713463839	-9.6700333137
PI639046	1	-0.6211730296	-6.1752638326	-9.4073539314
PI639048	1	-9.6898314966	-2.7495190233	-11.7251666265
PI639049	1	-1.2168987478	-6.0644768319	-11.4658727401
PI639050	1	-2.9203232152	-4.5759169707	-7.2918586329
PI639052	0	-16.0683996545	1.0938763998	-3.5181454338
PI639053	1	5.2334900318	-9.9931318343	-9.3342832013
PI639055	1	-18.2488377947	0.9194592325	1.0874414896
PI639497	1	-5.5595391134	-4.4732598641	-1.5924783554
PI639499	1	-3.5216059125	-4.7577455529	11.5842168275
PI639501	1	-9.8393650707	-3.7094496457	10.8766669079
PI639502	1	1.6178189446	-6.9229490918	-0.0839973437
PI639503	1	-29.5122922249	4.3254717392	-8.9332333103
PI639504	1	-1.7308323007	-5.3143905722	4.0074929964
PI639505	1	4.2418749712	-7.2549403126	-4.3429833331
PI639925	0	4.6008593395	-6.291048632	-5.5300665432
PI639926	0	5.5503644764	-7.6556108824	-7.7767438943
PI639927	0	4.9266237906	-6.4504243468	-6.7702985655
PI639928	0	3.7447772072	-7.5472476293	-5.4720175881
PI639929	0	4.1801138651	-6.4421475304	-6.4210191547
PI639930	1	4.5943255074	-7.1029590523	-8.2294067084
PI639931	0	5.8311616379	-7.1404496651	-5.6090208707
PI639932	0	5.6057909897	-10.3811295478	-6.0053967614
PI639933	1	4.6028631769	-10.3649068689	-6.9635417317
PI639934	1	4.1136322629	-8.8815351088	-7.2524180792
PI639935	1	4.5940095693	-9.5535288226	-6.6795472195
PI639936	1	5.6408720887	-9.9285596173	-9.9891133289
PI639937	1	5.8515795854	-6.1435487648	-8.374756242
PI639938	1	5.1938557249	-6.4304055138	-7.1323669533
PI639939	1	5.3919914883	-7.3388819605	-7.9077995591
PI639940	1	5.1124664055	-5.5291484999	-2.5431503214
PI639941	1	5.0602745005	-6.9777710295	-4.9172256564
PI639942	0	5.0007619723	-8.5703964648	-7.7807402291
PI639943	0	5.2154264405	-10.3040561307	-10.1504935493
PI639944	0	4.0240493879	-10.8111562867	-9.001829786
PI639945	0	6.7592492625	-6.5547579026	-7.7719974654
PI639946	0	4.3745541547	-4.3888201045	-6.3453252218
PI639947	0	5.3008225781	-11.3576268165	-10.4830701465
PI639948	0	5.9900406968	-8.2459031618	-8.848661037
PI639949	0	4.9455060885	-5.0728512347	-5.7512543441
PI639950	0	6.7415800755	-9.0828598643	-9.215171362
PI641061	0	7.9344026004	-8.3718063542	-10.2271665503
PI641062	0	4.7497064898	-8.970343795	-9.0213589861
PI641063	0	5.7888996546	-9.9485062404	-9.728080946
PI641064	0	6.1360633532	-9.1295886641	-9.5030891512
PI641065	0	5.6128636555	-8.2944647799	-10.0661272133
PI641066	0	5.866487817	-10.3357019197	-10.6147839525
PI641067	0	6.8071667055	-7.0027223782	-8.8287548264
PI641068	1	2.9232619574	-6.1469366787	-4.5619673637
PI641069	1	-0.3427453872	-5.3940168884	-4.4142351231
PI641070	1	3.0917760582	-6.4787747138	-5.4425447125
PI641071	1	6.0855878924	-8.5075947819	-8.1670714723
PI641072	1	5.9738035906	-8.474728623	-9.5764386994
PI641073	1	5.672896468	-8.5183436369	-9.2692662321
PI641074	1	5.9376292284	-8.4897894086	-9.1911788621
PI641075	1	6.9945630271	-9.3853703423	-4.8877672362
PI641076	1	5.7590631565	-9.0550513482	-9.4545933408
PI641226	1	-1.5260758167	-7.9109978069	-5.0521202813
PI641229	1	-30.6096542079	5.8577181201	-9.3699338913
PI641230	1	2.4730783137	-7.2386116861	-5.8845724805
PI641234	1	3.2111990452	-7.7066877955	-5.6785089639
PI641238	0	1.8226442001	-5.1410010043	-3.1100205141
PI641243	1	-0.1756213373	-4.8938308965	-6.6103772481
PI641247	1	4.5176406223	-8.5838735502	-9.4594810695
PI641248	0	6.452473728	-9.1523483007	-9.8556472498
PI641251	0	5.8726305614	-7.9592737603	-8.9362998354
PI641252	0	5.2674656405	-7.4605034923	-6.8994263019
PI641253	0	4.438706819	-7.7132611101	-8.1585879568
PI641254	0	4.7244601709	-8.6595689335	-8.0638435742
PI641255	0	6.2638795161	-7.0633084004	-6.1811098623
PI641256	0	5.8421843516	-7.0344264577	-6.4838182338
PI641257	0	6.7989573982	-8.2514025244	-8.3374394835
PI641258	0	5.8519433041	-7.9961627422	-6.988873755
PI641260	0	6.227863185	-6.7413602603	-7.3321977326
PI641261	0	4.9630954753	-6.9256553519	-8.0824016542
PI641262	0	5.8593485816	-7.4344098126	-7.9043405923
PI641263	0	5.7893421913	-8.0115947613	-7.8966936216
PI641264	0	5.2424868947	-6.302520615	-3.4404099338
PI641265	0	4.5247225369	-6.7723193714	-6.4895139248
PI641266	0	5.1338495135	-7.9342342632	-9.2841144732
PI641711	0	4.8711081877	-8.4780976141	-8.9483698844
PI642762	1	-0.6169465772	-7.4669231125	-11.1118231133
PI642763	1	-8.8199870658	-3.2408704415	-3.2523041826
PI642764	1	-29.5660978003	4.3871926536	-8.9579136742
PI642765	1	5.3098123328	-9.1587128347	-11.5790318736
PI643420	1	-6.7062188653	-3.5049013553	-4.8458407992
PI644099	1	10.1541727919	23.29104589	-3.633415705
PI644100	1	7.7899326918	17.8320052198	-2.6102598357
PI644101	1	-12.9629697967	1.4743318261	0.3917126513
PI644102	1	5.7607183106	12.0407348806	-1.7840849457
PI648423	1	-23.8950818008	3.4272604635	6.3127390643
PI648424	1	-27.6980972172	3.3848747951	8.4350752936
PI648426	1	-31.9999620387	3.5801089874	-10.4951448838
PI648427	1	-31.9623505997	3.7110939916	-10.4475873926
PI648428	1	-31.911216755	3.6339894574	-10.5642480627
PI648429	1	-31.9276677308	3.5580221973	-10.4600624979
PI648431	1	-31.9998671271	3.6022653475	-10.4633618132
PI648432	1	6.6064776978	-0.206305587	0.1559201991
PI648433	1	-31.9782457572	3.6586165539	-10.5179704402
PI651538	1	3.7603121062	-3.3145044313	-0.0007116553
PI651539	1	3.6434689115	-6.1647612832	15.2263106592
PI651540	1	-22.4120470586	1.1371558741	-8.0663369092
PI651541	1	-28.6629623102	3.8843502575	0.5791868034
PI651542	1	-5.5396459244	-5.1307639191	-2.8388284918
PI651543	1	5.5718774934	-0.2973776269	-0.9842744897
PI651544	1	-21.1392154368	-1.7973970481	-1.0650617717
PI651545	1	4.1027313546	-5.7524588424	-3.0408252737
PI654048	1	3.6395450887	-7.0403755434	-7.2514273163
PI654049	0	3.9244374046	-9.7804050378	-7.8936212254
PI654050	0	6.2299717082	-9.9157285963	-10.4421397052
PI654051	1	6.9236241277	-7.0571893152	-9.1463977726
PI654052	1	5.9943825844	-6.6323473407	-8.2734350959
PI654053	1	5.7626277541	-5.0284971648	-4.2227023702
PI659678	1	4.8836616857	-5.7191586592	-6.770710757
PI659679	1	-17.4113644292	1.5264654336	0.1628790036
PI659680	1	-10.1014386716	-3.0218384592	-7.0270894735
PI659681	1	-25.8904548875	1.4287867226	-7.086562386
